     0.10000000     0.41775001
     0.20000000     0.86229884
     0.30000000     1.35148733
     0.40000000     1.90494785
     0.50000000     2.54489218
     0.60000000     3.29700294
     0.70000000     4.19146426
     0.80000000     5.26417319
     0.90000000     6.55818031
     1.00000000     8.12541748
     1.10000000    10.02878202
     1.20000000    12.34466088
     1.30000000    15.16599631
     1.40000000    18.60601584
     1.50000000    22.80277640
     1.60000000    27.92470493
     1.70000000    34.17735776
     1.80000000    41.81167011
     1.90000000    51.13402683
     2.00000000    62.51855835
