     0.10000000     1.84046751
     0.20000000     2.01483283
     0.30000000     2.28009383
     0.40000000     2.64689639
     0.50000000     3.12996157
     0.60000000     3.74867647
     0.70000000     4.52787231
     0.80000000     5.49882093
     0.90000000     6.70048992
     1.00000000     8.18110648
     1.10000000    10.00009295
     1.20000000    12.23045164
     1.30000000    14.96169467
     1.40000000    18.30343642
     1.50000000    22.38979272
     1.60000000    27.38476340
     1.70000000    33.48881416
     1.80000000    40.94692201
     1.90000000    50.05840698
     2.00000000    61.18894497
