     0.10000000     1.04523376
     0.20000000     1.13241641
     0.30000000     1.26504692
     0.40000000     1.44844819
     0.50000000     1.68998078
     0.60000000     1.99933824
     0.70000000     2.38893615
     0.80000000     2.87441047
     0.90000000     3.47524496
     1.00000000     4.21555324
     1.10000000     5.12504648
     1.20000000     6.24022582
     1.30000000     7.60584734
     1.40000000     9.27671821
     1.50000000    11.31989636
     1.60000000    13.81738170
     1.70000000    16.86940708
     1.80000000    20.59846100
     1.90000000    25.15420349
     2.00000000    30.71947249
