     0.05000000     0.77120151
     0.10000000     0.72902061
     0.15000000     0.66010216
     0.20000000     0.56658206
     0.25000000     0.45153905
     0.30000000     0.31900893
     0.35000000     0.17391635
     0.40000000     0.02189504
     0.45000000    -0.13100264
     0.50000000    -0.27866997
     0.55000000    -0.41532001
     0.60000000    -0.53580247
     0.65000000    -0.63581660
     0.70000000    -0.71200936
     0.75000000    -0.76198057
     0.80000000    -0.78423595
     0.85000000    -0.77813160
     0.90000000    -0.74384278
     0.95000000    -0.68237290
     1.00000000    -0.59559821
     1.05000000    -0.48632449
     1.10000000    -0.35831717
     1.15000000    -0.21626054
     1.20000000    -0.06561122
     1.25000000     0.08766291
     1.30000000     0.23743162
     1.35000000     0.37778091
     1.40000000     0.50335212
     1.45000000     0.60958739
     1.50000000     0.69285948
     1.55000000     0.75049980
     1.60000000     0.78076175
     1.65000000     0.78276358
     1.70000000     0.75644785
     1.75000000     0.70257850
     1.80000000     0.62277695
     1.85000000     0.51957881
     1.90000000     0.39647606
     1.95000000     0.25790077
     2.00000000     0.10911107
     2.05000000    -0.04403842
     2.10000000    -0.19542523
     2.15000000    -0.33903616
     2.20000000    -0.46932438
     2.25000000    -0.58148536
     2.30000000    -0.67161969
     2.35000000    -0.73678715
     2.40000000    -0.77498390
     2.45000000    -0.78508695
     2.50000000    -0.76680591
     2.55000000    -0.72066830
     2.60000000    -0.64804557
     2.65000000    -0.55120687
     2.70000000    -0.43336968
     2.75000000    -0.29870473
     2.80000000    -0.15225286
     2.85000000     0.00027160
     2.90000000     0.15278506
     2.95000000     0.29920459
     3.00000000     0.43381783
     3.05000000     0.55158681
     3.10000000     0.64834417
     3.15000000     0.72087588
     3.20000000     0.76691613
     3.25000000     0.78509658
     3.30000000     0.77489266
     3.35000000     0.73659769
     3.40000000     0.67133771
     3.45000000     0.58111984
     3.50000000     0.46888773
     3.55000000     0.33854419
     3.60000000     0.19489676
     3.65000000     0.04349446
     3.70000000    -0.10964849
     3.75000000    -0.25840999
     3.80000000    -0.39693710
     3.85000000    -0.51997443
     3.90000000    -0.62309321
     3.95000000    -0.70280496
     4.00000000    -0.75657747
     4.05000000    -0.78279253
     4.10000000    -0.78068919
     4.15000000    -0.75032782
     4.20000000    -0.69259319
     4.25000000    -0.60923512
     4.30000000    -0.50292560
     4.35000000    -0.37729531
     4.40000000    -0.23690526
     4.45000000    -0.08711651
     4.50000000     0.06615560
     4.55000000     0.21678086
     4.60000000     0.35879283
     4.65000000     0.48673742
     4.70000000     0.59593359
     4.75000000     0.68261944
     4.80000000     0.74399269
     4.85000000     0.77818040
     4.90000000     0.78418221
     4.95000000     0.76182582
     5.00000000     0.71175816
