     0.77120151    -0.56650651
     0.72902061    -1.11659265
     0.66010216    -1.63305390
     0.56658206    -2.09751439
     0.45153905    -2.49076819
     0.31900893    -2.79401612
     0.17391635    -2.99088216
     0.02189504    -3.06975627
    -0.13100264    -3.02575612
    -0.27866997    -2.86162210
    -0.41532001    -2.58721018
    -0.53580247    -2.21777368
    -0.63581660    -1.77165186
    -0.71200936    -1.26809990
    -0.76198057    -0.72580296
    -0.78423595    -0.16228685
    -0.77813160     0.40587446
    -0.74384278     0.96234858
    -0.68237290     1.49021864
    -0.59559821     1.97144485
    -0.48632449     2.38697195
    -0.35831717     2.71770763
    -0.21626054     2.94634843
    -0.06561122     3.05969429
     0.08766291     3.05079603
     0.23743162     2.92020917
     0.37778091     2.67589116
     0.50335212     2.33177972
     0.60958739     1.90557396
     0.69285948     1.41645598
     0.75049980     0.88337314
     0.78076175     0.32419115
     0.78276358    -0.24430183
     0.75644785    -0.80579126
     0.70257850    -1.34360182
     0.62277695    -1.84003699
     0.51957881    -2.27627182
     0.39647606    -2.63307166
     0.25790077    -2.89239836
     0.10911107    -3.03964114
    -0.04403842    -3.06588912
    -0.19542523    -2.96950459
    -0.33903616    -2.75642753
    -0.46932438    -2.43909478
    -0.58148536    -2.03437567
    -0.67161969    -1.56123769
    -0.73678715    -1.03882158
    -0.77498390    -0.48533505
    -0.78508695     0.08216808
    -0.76680591     0.64732075
    -0.72066830     1.19363296
    -0.64804557     1.70374095
    -0.55120687     2.15910792
    -0.43336968     2.54048944
    -0.29870473     2.82929754
    -0.15225286     3.00970101
     0.00027160     3.07095861
     0.15278506     3.00926518
     0.29920459     2.82845306
     0.43381783     2.53928518
     0.55158681     2.15760708
     0.64834417     1.70201242
     0.72087588     1.19174492
     0.76691613     0.64533758
     0.78509658     0.08015011
     0.77489266    -0.48732945
     0.73659769    -1.04073298
     0.67133771    -1.56300294
     0.58111984    -2.03592753
     0.46888773    -2.44036436
     0.33854419    -2.75735021
     0.19489676    -2.97002721
     0.04349446    -3.06597900
    -0.10964849    -3.03929186
    -0.25840999    -2.89163065
    -0.39693710    -2.63193059
    -0.51997443    -2.27481842
    -0.62309321    -1.83834016
    -0.70280496    -1.34173095
    -0.75657747    -0.80381238
    -0.78279253    -0.24227655
    -0.78068919     0.32620391
    -0.75032782     0.88531429
    -0.69259319     1.41826344
    -0.60923512     1.90718138
    -0.50292560     2.33311820
    -0.37729531     2.67689419
    -0.23690526     2.92082024
    -0.08711651     3.05097699
     0.06615560     3.05943203
     0.21678086     2.94565773
     0.35879283     2.71662855
     0.48673742     2.38556337
     0.59593359     1.96977544
     0.68261944     1.48835921
     0.74399269     0.96036708
     0.77818040     0.40383428
     0.78418221    -0.16432574
     0.76182582    -0.72778136
     0.71175816    -1.26995623
