     0.05000000    -0.56650651
     0.10000000    -1.11659265
     0.15000000    -1.63305390
     0.20000000    -2.09751439
     0.25000000    -2.49076819
     0.30000000    -2.79401612
     0.35000000    -2.99088216
     0.40000000    -3.06975627
     0.45000000    -3.02575612
     0.50000000    -2.86162210
     0.55000000    -2.58721018
     0.60000000    -2.21777368
     0.65000000    -1.77165186
     0.70000000    -1.26809990
     0.75000000    -0.72580296
     0.80000000    -0.16228685
     0.85000000     0.40587446
     0.90000000     0.96234858
     0.95000000     1.49021864
     1.00000000     1.97144485
     1.05000000     2.38697195
     1.10000000     2.71770763
     1.15000000     2.94634843
     1.20000000     3.05969429
     1.25000000     3.05079603
     1.30000000     2.92020917
     1.35000000     2.67589116
     1.40000000     2.33177972
     1.45000000     1.90557396
     1.50000000     1.41645598
     1.55000000     0.88337314
     1.60000000     0.32419115
     1.65000000    -0.24430183
     1.70000000    -0.80579126
     1.75000000    -1.34360182
     1.80000000    -1.84003699
     1.85000000    -2.27627182
     1.90000000    -2.63307166
     1.95000000    -2.89239836
     2.00000000    -3.03964114
     2.05000000    -3.06588912
     2.10000000    -2.96950459
     2.15000000    -2.75642753
     2.20000000    -2.43909478
     2.25000000    -2.03437567
     2.30000000    -1.56123769
     2.35000000    -1.03882158
     2.40000000    -0.48533505
     2.45000000     0.08216808
     2.50000000     0.64732075
     2.55000000     1.19363296
     2.60000000     1.70374095
     2.65000000     2.15910792
     2.70000000     2.54048944
     2.75000000     2.82929754
     2.80000000     3.00970101
     2.85000000     3.07095861
     2.90000000     3.00926518
     2.95000000     2.82845306
     3.00000000     2.53928518
     3.05000000     2.15760708
     3.10000000     1.70201242
     3.15000000     1.19174492
     3.20000000     0.64533758
     3.25000000     0.08015011
     3.30000000    -0.48732945
     3.35000000    -1.04073298
     3.40000000    -1.56300294
     3.45000000    -2.03592753
     3.50000000    -2.44036436
     3.55000000    -2.75735021
     3.60000000    -2.97002721
     3.65000000    -3.06597900
     3.70000000    -3.03929186
     3.75000000    -2.89163065
     3.80000000    -2.63193059
     3.85000000    -2.27481842
     3.90000000    -1.83834016
     3.95000000    -1.34173095
     4.00000000    -0.80381238
     4.05000000    -0.24227655
     4.10000000     0.32620391
     4.15000000     0.88531429
     4.20000000     1.41826344
     4.25000000     1.90718138
     4.30000000     2.33311820
     4.35000000     2.67689419
     4.40000000     2.92082024
     4.45000000     3.05097699
     4.50000000     3.05943203
     4.55000000     2.94565773
     4.60000000     2.71662855
     4.65000000     2.38556337
     4.70000000     1.96977544
     4.75000000     1.48835921
     4.80000000     0.96036708
     4.85000000     0.40383428
     4.90000000    -0.16432574
     4.95000000    -0.72778136
     5.00000000    -1.26995623
