  1.00  9.80
  2.00 17.80
  3.00 24.33
  4.00 29.67
  5.00 34.02
  6.00 37.58
  7.00 40.48
  8.00 42.85
  9.00 44.78
 10.00 46.36
 11.00 47.65
 12.00 48.71
 13.00 49.57
 14.00 50.27
 15.00 50.84
 16.00 51.31
 17.00 51.69
 18.00 52.00
 19.00 52.26
 20.00 52.47
 21.00 52.64
 22.00 52.77
 23.00 52.89
 24.00 52.98
 25.00 53.05
 26.00 53.12
 27.00 53.17
 28.00 53.21
 29.00 53.24
 30.00 53.27
 31.00 53.29
 32.00 53.31
 33.00 53.32
 34.00 53.34
 35.00 53.35
 36.00 53.35
 37.00 53.36
 38.00 53.37
 39.00 53.37
 40.00 53.37
 41.00 53.38
 42.00 53.38
 43.00 53.38
 44.00 53.38
 45.00 53.38
 46.00 53.39
 47.00 53.39
 48.00 53.39
 49.00 53.39
 50.00 53.39
 51.00 53.39
 52.00 53.39
 53.00 53.39
 54.00 53.39
 55.00 53.39
 56.00 53.39
 57.00 53.39
 58.00 53.39
 59.00 53.39
 60.00 53.39
 61.00 53.39
 62.00 53.39
 63.00 53.39
 64.00 53.39
 65.00 53.39
 66.00 53.39
 67.00 53.39
 68.00 53.39
 69.00 53.39
 70.00 53.39
 71.00 53.39
 72.00 53.39
 73.00 53.39
 74.00 53.39
 75.00 53.39
 76.00 53.39
 77.00 53.39
 78.00 53.39
 79.00 53.39
 80.00 53.39
 81.00 53.39
 82.00 53.39
 83.00 53.39
 84.00 53.39
 85.00 53.39
 86.00 53.39
 87.00 53.39
 88.00 53.39
 89.00 53.39
 90.00 53.39
 91.00 53.39
 92.00 53.39
 93.00 53.39
 94.00 53.39
 95.00 53.39
 96.00 53.39
 97.00 53.39
 98.00 53.39
 99.00 53.39
100.00 53.39

