     0.00000         0.00000         0.00000         0.00000    
     0.00000        0.250000        0.152778         0.00000    
     0.00000        0.500000        0.277778         0.00000    
     0.00000        0.750000        0.375000         0.00000    
     0.00000         1.00000        0.444444         0.00000    
     0.00000         1.25000        0.486111         0.00000    
     0.00000         1.50000        0.500000         0.00000    
     0.00000         1.75000        0.486111         0.00000    
     0.00000         2.00000        0.444444         0.00000    
     0.00000         2.25000        0.375000         0.00000    
     0.00000         2.50000        0.277778         0.00000    
     0.00000         2.75000        0.152778         0.00000    
     0.00000         3.00000         0.00000         0.00000    
    0.250000         0.00000         0.00000         0.00000    
    0.250000        0.250000        0.151826        0.111836E-02
    0.250000        0.500000        0.274130        0.773312E-02
    0.250000        0.750000        0.372212        0.122774E-01
    0.250000         1.00000        0.443562        0.144534E-01
    0.250000         1.25000        0.486602        0.151489E-01
    0.250000         1.50000        0.501281        0.133999E-01
    0.250000         1.75000        0.487741        0.105573E-01
    0.250000         2.00000        0.446077        0.756869E-02
    0.250000         2.25000        0.376493        0.447382E-02
    0.250000         2.50000        0.278855        0.203346E-02
    0.250000         2.75000        0.153191        0.412917E-03
    0.250000         3.00000         0.00000         0.00000    
    0.500000         0.00000         0.00000         0.00000    
    0.500000        0.250000        0.144878        0.401387E-02
    0.500000        0.500000        0.267109        0.150726E-01
    0.500000        0.750000        0.368155        0.236664E-01
    0.500000         1.00000        0.442381        0.271347E-01
    0.500000         1.25000        0.488355        0.268703E-01
    0.500000         1.50000        0.504633        0.236668E-01
    0.500000         1.75000        0.491852        0.187597E-01
    0.500000         2.00000        0.450331        0.135142E-01
    0.500000         2.25000        0.380229        0.841517E-02
    0.500000         2.50000        0.281724        0.405347E-02
    0.500000         2.75000        0.154810        0.111602E-02
    0.500000         3.00000         0.00000         0.00000    
    0.750000         0.00000         0.00000         0.00000    
    0.750000        0.250000        0.128698        0.154927E-01
    0.750000        0.500000        0.254887        0.265652E-01
    0.750000        0.750000        0.361724        0.363573E-01
    0.750000         1.00000        0.441912        0.378028E-01
    0.750000         1.25000        0.491130        0.359943E-01
    0.750000         1.50000        0.509630        0.309277E-01
    0.750000         1.75000        0.497841        0.244181E-01
    0.750000         2.00000        0.456451        0.176535E-01
    0.750000         2.25000        0.385843        0.111016E-01
    0.750000         2.50000        0.286147        0.552912E-02
    0.750000         2.75000        0.157418        0.158192E-02
    0.750000         3.00000         0.00000         0.00000    
     1.00000         0.00000         0.00000         0.00000    
     1.00000        0.250000        0.116802        0.264718E-01
     1.00000        0.500000        0.242732        0.399083E-01
     1.00000        0.750000        0.357860        0.475421E-01
     1.00000         1.00000        0.443178        0.468163E-01
     1.00000         1.25000        0.495700        0.419558E-01
     1.00000         1.50000        0.516165        0.351803E-01
     1.00000         1.75000        0.504999        0.274276E-01
     1.00000         2.00000        0.463664        0.196971E-01
     1.00000         2.25000        0.392338        0.124366E-01
     1.00000         2.50000        0.291368        0.621922E-02
     1.00000         2.75000        0.160664        0.175894E-02
     1.00000         3.00000         0.00000         0.00000    
     1.25000        0.131250         0.00000         0.00000    
     1.25000        0.370312        0.140664        0.334140E-01
     1.25000        0.609375        0.283736        0.481892E-01
     1.25000        0.848437        0.388405        0.516433E-01
     1.25000         1.08750        0.468045        0.477644E-01
     1.25000         1.32656        0.510549        0.411277E-01
     1.25000         1.56562        0.524270        0.335181E-01
     1.25000         1.80469        0.508819        0.259668E-01
     1.25000         2.04375        0.462430        0.183421E-01
     1.25000         2.28281        0.392581        0.117148E-01
     1.25000         2.52187        0.287897        0.578529E-02
     1.25000         2.76094        0.163945        0.175106E-02
     1.25000         3.00000         0.00000         0.00000    
     1.50000        0.225000         0.00000         0.00000    
     1.50000        0.456250        0.181942        0.368521E-01
     1.50000        0.687500        0.327578        0.481037E-01
     1.50000        0.918750        0.425910        0.463956E-01
     1.50000         1.15000        0.491689        0.405241E-01
     1.50000         1.38125        0.525574        0.337260E-01
     1.50000         1.61250        0.530689        0.271036E-01
     1.50000         1.84375        0.508512        0.207828E-01
     1.50000         2.07500        0.459827        0.147052E-01
     1.50000         2.30625        0.384916        0.916537E-02
     1.50000         2.53750        0.283672        0.455236E-02
     1.50000         2.76875        0.155639        0.125784E-02
     1.50000         3.00000         0.00000         0.00000    
     1.75000        0.281250         0.00000         0.00000    
     1.75000        0.507812        0.198568        0.230968E-01
     1.75000        0.734375        0.343957        0.314779E-01
     1.75000        0.960938        0.440093        0.295820E-01
     1.75000         1.18750        0.501927        0.272379E-01
     1.75000         1.41406        0.532676        0.226449E-01
     1.75000         1.64062        0.535621        0.186078E-01
     1.75000         1.86719        0.512265        0.143809E-01
     1.75000         2.09375        0.461791        0.102656E-01
     1.75000         2.32031        0.387267        0.640978E-02
     1.75000         2.54688        0.284266        0.322128E-02
     1.75000         2.77344        0.157888        0.912818E-03
     1.75000         3.00000         0.00000         0.00000    
     2.00000        0.300000         0.00000         0.00000    
     2.00000        0.525000        0.215265        0.332673E-02
     2.00000        0.750000        0.358266        0.597212E-02
     2.00000        0.975000        0.451336        0.645453E-02
     2.00000         1.20000        0.508730        0.798526E-02
     2.00000         1.42500        0.536958        0.815420E-02
     2.00000         1.65000        0.537695        0.759114E-02
     2.00000         1.87500        0.512410        0.631227E-02
     2.00000         2.10000        0.461522        0.468687E-02
     2.00000         2.32500        0.385269        0.293294E-02
     2.00000         2.55000        0.283426        0.148965E-02
     2.00000         2.77500        0.155330        0.402920E-03
     2.00000         3.00000         0.00000         0.00000    
     2.25000        0.281250         0.00000         0.00000    
     2.25000        0.507812        0.196695       -0.188057E-01
     2.25000        0.734375        0.335411       -0.181861E-01
     2.25000        0.960938        0.436658       -0.157440E-01
     2.25000         1.18750        0.499973       -0.109185E-01
     2.25000         1.41406        0.533725       -0.663701E-02
     2.25000         1.64062        0.538023       -0.383514E-02
     2.25000         1.86719        0.514662       -0.207732E-02
     2.25000         2.09375        0.465576       -0.103825E-02
     2.25000         2.32031        0.388450       -0.569728E-03
     2.25000         2.54688        0.287214       -0.201723E-03
     2.25000         2.77344        0.155718       -0.718816E-04
     2.25000         3.00000         0.00000         0.00000    
     2.50000        0.225000         0.00000         0.00000    
     2.50000        0.456250        0.179895       -0.355438E-01
     2.50000        0.687500        0.316880       -0.393105E-01
     2.50000        0.918750        0.419033       -0.340670E-01
     2.50000         1.15000        0.488130       -0.267802E-01
     2.50000         1.38125        0.526339       -0.199009E-01
     2.50000         1.61250        0.534729       -0.143073E-01
     2.50000         1.84375        0.514742       -0.100518E-01
     2.50000         2.07500        0.466936       -0.658223E-02
     2.50000         2.30625        0.391831       -0.397350E-02
     2.50000         2.53750        0.289332       -0.188681E-02
     2.50000         2.76875        0.158966       -0.534294E-03
     2.50000         3.00000         0.00000         0.00000    
     2.75000        0.131250         0.00000         0.00000    
     2.75000        0.370312        0.136181       -0.326476E-01
     2.75000        0.609375        0.267378       -0.462172E-01
     2.75000        0.848437        0.384182       -0.435529E-01
     2.75000         1.08750        0.461882       -0.381291E-01
     2.75000         1.32656        0.512535       -0.300041E-01
     2.75000         1.56562        0.528790       -0.231568E-01
     2.75000         1.80469        0.514442       -0.166420E-01
     2.75000         2.04375        0.472146       -0.114929E-01
     2.75000         2.28281        0.395516       -0.684599E-02
     2.75000         2.52187        0.296090       -0.341310E-02
     2.75000         2.76094        0.157508       -0.910455E-03
     2.75000         3.00000         0.00000         0.00000    
     3.00000         0.00000         0.00000         0.00000    
     3.00000        0.250000        0.105638       -0.206306E-01
     3.00000        0.500000        0.228767       -0.372245E-01
     3.00000        0.750000        0.345005       -0.426183E-01
     3.00000         1.00000        0.434649       -0.410769E-01
     3.00000         1.25000        0.494035       -0.356304E-01
     3.00000         1.50000        0.520292       -0.285790E-01
     3.00000         1.75000        0.513989       -0.215694E-01
     3.00000         2.00000        0.475161       -0.150006E-01
     3.00000         2.25000        0.404279       -0.927489E-02
     3.00000         2.50000        0.301492       -0.456324E-02
     3.00000         2.75000        0.166762       -0.128228E-02
     3.00000         3.00000         0.00000         0.00000    
     3.25000         0.00000         0.00000         0.00000    
     3.25000        0.250000        0.119172       -0.140862E-01
     3.25000        0.500000        0.239471       -0.276912E-01
     3.25000        0.750000        0.346702       -0.348055E-01
     3.25000         1.00000        0.431473       -0.365423E-01
     3.25000         1.25000        0.487835       -0.335876E-01
     3.25000         1.50000        0.513374       -0.284451E-01
     3.25000         1.75000        0.507083       -0.220506E-01
     3.25000         2.00000        0.468885       -0.157919E-01
     3.25000         2.25000        0.398838       -0.985212E-02
     3.25000         2.50000        0.297235       -0.492919E-02
     3.25000         2.75000        0.164221       -0.139413E-02
     3.25000         3.00000         0.00000         0.00000    
     3.50000         0.00000         0.00000         0.00000    
     3.50000        0.250000        0.129515       -0.613968E-02
     3.50000        0.500000        0.249752       -0.169042E-01
     3.50000        0.750000        0.351581       -0.251259E-01
     3.50000         1.00000        0.431442       -0.290680E-01
     3.50000         1.25000        0.484427       -0.285873E-01
     3.50000         1.50000        0.508168       -0.254019E-01
     3.50000         1.75000        0.501121       -0.203716E-01
     3.50000         2.00000        0.462956       -0.148861E-01
     3.50000         2.25000        0.393463       -0.944134E-02
     3.50000         2.50000        0.292927       -0.472904E-02
     3.50000         2.75000        0.161606       -0.132333E-02
     3.50000         3.00000         0.00000         0.00000    
     3.75000         0.00000         0.00000         0.00000    
     3.75000        0.250000        0.141271       -0.282907E-02
     3.75000        0.500000        0.260581       -0.993343E-02
     3.75000        0.750000        0.358922       -0.176557E-01
     3.75000         1.00000        0.434172       -0.217602E-01
     3.75000         1.25000        0.483588       -0.227916E-01
     3.75000         1.50000        0.504913       -0.210553E-01
     3.75000         1.75000        0.496545       -0.174336E-01
     3.75000         2.00000        0.457880       -0.129970E-01
     3.75000         2.25000        0.388631       -0.834246E-02
     3.75000         2.50000        0.288981       -0.422958E-02
     3.75000         2.75000        0.159226       -0.118155E-02
     3.75000         3.00000         0.00000         0.00000    
     4.00000         0.00000         0.00000         0.00000    
     4.00000        0.250000        0.146544       -0.175185E-02
     4.00000        0.500000        0.267355       -0.641849E-02
     4.00000        0.750000        0.364200       -0.122735E-01
     4.00000         1.00000        0.436738       -0.158641E-01
     4.00000         1.25000        0.483466       -0.172223E-01
     4.00000         1.50000        0.502628       -0.164813E-01
     4.00000         1.75000        0.492955       -0.140248E-01
     4.00000         2.00000        0.453670       -0.106421E-01
     4.00000         2.25000        0.384516       -0.689374E-02
     4.00000         2.50000        0.285564       -0.349583E-02
     4.00000         2.75000        0.157186       -0.968914E-03
     4.00000         3.00000         0.00000         0.00000    
     4.25000         0.00000         0.00000         0.00000    
     4.25000        0.250000        0.148781       -0.114174E-02
     4.25000        0.500000        0.270827       -0.419538E-02
     4.25000        0.750000        0.367635       -0.832496E-02
     4.25000         1.00000        0.438955       -0.112018E-01
     4.25000         1.25000        0.483859       -0.125161E-01
     4.25000         1.50000        0.501338       -0.122924E-01
     4.25000         1.75000        0.490398       -0.107095E-01
     4.25000         2.00000        0.450466       -0.822907E-02
     4.25000         2.25000        0.381255       -0.536684E-02
     4.25000         2.50000        0.282846       -0.273652E-02
     4.25000         2.75000        0.155545       -0.751842E-03
     4.25000         3.00000         0.00000         0.00000    
     4.50000         0.00000         0.00000         0.00000    
     4.50000        0.250000        0.150704       -0.865519E-03
     4.50000        0.500000        0.273863       -0.282627E-02
     4.50000        0.750000        0.370450       -0.539637E-02
     4.50000         1.00000        0.440900       -0.749382E-02
     4.50000         1.25000        0.484438       -0.862525E-02
     4.50000         1.50000        0.500578       -0.869553E-02
     4.50000         1.75000        0.488614       -0.772818E-02
     4.50000         2.00000        0.448080       -0.601050E-02
     4.50000         2.25000        0.378785       -0.392346E-02
     4.50000         2.50000        0.280756       -0.199391E-02
     4.50000         2.75000        0.154329       -0.545749E-03
     4.50000         3.00000         0.00000         0.00000    
     4.75000         0.00000         0.00000         0.00000    
     4.75000        0.250000        0.151958       -0.517963E-03
     4.75000        0.500000        0.275979       -0.175136E-02
     4.75000        0.750000        0.372740       -0.337768E-02
     4.75000         1.00000        0.442548       -0.484312E-02
     4.75000         1.25000        0.485156       -0.573654E-02
     4.75000         1.50000        0.500270       -0.587730E-02
     4.75000         1.75000        0.487483       -0.531402E-02
     4.75000         2.00000        0.446464       -0.415389E-02
     4.75000         2.25000        0.377045       -0.271250E-02
     4.75000         2.50000        0.279290       -0.137014E-02
     4.75000         2.75000        0.153454       -0.368515E-03
     4.75000         3.00000         0.00000         0.00000    
     5.00000         0.00000         0.00000         0.00000    
     5.00000        0.250000        0.152669       -0.264920E-03
     5.00000        0.500000        0.277234       -0.100702E-02
     5.00000        0.750000        0.374096       -0.199913E-02
     5.00000         1.00000        0.443590       -0.295441E-02
     5.00000         1.25000        0.485651       -0.361867E-02
     5.00000         1.50000        0.500095       -0.376053E-02
     5.00000         1.75000        0.486741       -0.342082E-02
     5.00000         2.00000        0.445348       -0.268089E-02
     5.00000         2.25000        0.375856       -0.173812E-02
     5.00000         2.50000        0.278286       -0.870167E-03
     5.00000         2.75000        0.152899       -0.234164E-03
     5.00000         3.00000         0.00000         0.00000    
     5.25000         0.00000         0.00000         0.00000    
     5.25000        0.250000        0.153052       -0.111625E-03
     5.25000        0.500000        0.277888       -0.506015E-03
     5.25000        0.750000        0.374856       -0.108451E-02
     5.25000         1.00000        0.444181       -0.167426E-02
     5.25000         1.25000        0.485920       -0.211409E-02
     5.25000         1.50000        0.499993       -0.223594E-02
     5.25000         1.75000        0.486277       -0.203967E-02
     5.25000         2.00000        0.444662       -0.159288E-02
     5.25000         2.25000        0.375104       -0.101955E-02
     5.25000         2.50000        0.277672       -0.495870E-03
     5.25000         2.75000        0.152550       -0.127138E-03
     5.25000         3.00000         0.00000         0.00000    
     5.50000         0.00000         0.00000         0.00000    
     5.50000        0.250000        0.153240       -0.461042E-04
     5.50000        0.500000        0.278264       -0.220809E-03
     5.50000        0.750000        0.375323       -0.513034E-03
     5.50000         1.00000        0.444591       -0.826395E-03
     5.50000         1.25000        0.486138       -0.107438E-02
     5.50000         1.50000        0.499967       -0.115373E-02
     5.50000         1.75000        0.486021       -0.105025E-02
     5.50000         2.00000        0.444251       -0.810950E-03
     5.50000         2.25000        0.374673       -0.504779E-03
     5.50000         2.50000        0.277328       -0.236377E-03
     5.50000         2.75000        0.152384       -0.579414E-04
     5.50000         3.00000         0.00000         0.00000    
     5.75000         0.00000         0.00000         0.00000    
     5.75000        0.250000        0.153274        0.358436E-05
     5.75000        0.500000        0.278405       -0.411431E-04
     5.75000        0.750000        0.375544       -0.145681E-03
     5.75000         1.00000        0.444813       -0.290032E-03
     5.75000         1.25000        0.486280       -0.405267E-03
     5.75000         1.50000        0.499980       -0.453817E-03
     5.75000         1.75000        0.485903       -0.408390E-03
     5.75000         2.00000        0.444054       -0.298243E-03
     5.75000         2.25000        0.374460       -0.167782E-03
     5.75000         2.50000        0.277177       -0.609002E-04
     5.75000         2.75000        0.152318       -0.784102E-05
     5.75000         3.00000         0.00000         0.00000    
     6.00000         0.00000         0.00000         0.00000    
     6.00000        0.250000        0.153260        0.255369E-04
     6.00000        0.500000        0.278433        0.579384E-04
     6.00000        0.750000        0.375619        0.671173E-04
     6.00000         1.00000        0.444902        0.388706E-04
     6.00000         1.25000        0.486344        0.378153E-05
     6.00000         1.50000        0.499986       -0.149514E-04
     6.00000         1.75000        0.485861       -0.875130E-05
     6.00000         2.00000        0.443977        0.177897E-04
     6.00000         2.25000        0.374394        0.396302E-04
     6.00000         2.50000        0.277149        0.396808E-04
     6.00000         2.75000        0.152329        0.179560E-04
     6.00000         3.00000         0.00000         0.00000    
     6.25000         0.00000         0.00000         0.00000    
     6.25000        0.250000        0.153200        0.393467E-04
     6.25000        0.500000        0.278383        0.108390E-03
     6.25000        0.750000        0.375595        0.179152E-03
     6.25000         1.00000        0.444899        0.212058E-03
     6.25000         1.25000        0.486346        0.227356E-03
     6.25000         1.50000        0.499983        0.224097E-03
     6.25000         1.75000        0.485849        0.213141E-03
     6.25000         2.00000        0.443976        0.192458E-03
     6.25000         2.25000        0.374410        0.152885E-03
     6.25000         2.50000        0.277190        0.970765E-04
     6.25000         2.75000        0.152373        0.334829E-04
     6.25000         3.00000         0.00000         0.00000    
     6.50000         0.00000         0.00000         0.00000    
     6.50000        0.250000        0.153132        0.413557E-04
     6.50000        0.500000        0.278299        0.126283E-03
     6.50000        0.750000        0.375531        0.220569E-03
     6.50000         1.00000        0.444860        0.288659E-03
     6.50000         1.25000        0.486334        0.327776E-03
     6.50000         1.50000        0.499989        0.337724E-03
     6.50000         1.75000        0.485875        0.318489E-03
     6.50000         2.00000        0.444022        0.273120E-03
     6.50000         2.25000        0.374477        0.202871E-03
     6.50000         2.50000        0.277270        0.117469E-03
     6.50000         2.75000        0.152438        0.371664E-04
     6.50000         3.00000         0.00000         0.00000    
     6.75000         0.00000         0.00000         0.00000    
     6.75000        0.250000        0.153056        0.393905E-04
     6.75000        0.500000        0.278201        0.122836E-03
     6.75000        0.750000        0.375440        0.224004E-03
     6.75000         1.00000        0.444795        0.301725E-03
     6.75000         1.25000        0.486301        0.353302E-03
     6.75000         1.50000        0.499993        0.367029E-03
     6.75000         1.75000        0.485910        0.346631E-03
     6.75000         2.00000        0.444088        0.292640E-03
     6.75000         2.25000        0.374563        0.211691E-03
     6.75000         2.50000        0.277361        0.120556E-03
     6.75000         2.75000        0.152506        0.369576E-04
     6.75000         3.00000         0.00000         0.00000    
     7.00000         0.00000         0.00000         0.00000    
     7.00000        0.250000        0.152991        0.339172E-04
     7.00000        0.500000        0.278108        0.110606E-03
     7.00000        0.750000        0.375351        0.203726E-03
     7.00000         1.00000        0.444729        0.281720E-03
     7.00000         1.25000        0.486268        0.333699E-03
     7.00000         1.50000        0.499997        0.350045E-03
     7.00000         1.75000        0.485951        0.329576E-03
     7.00000         2.00000        0.444159        0.275412E-03
     7.00000         2.25000        0.374653        0.195775E-03
     7.00000         2.50000        0.277453        0.108255E-03
     7.00000         2.75000        0.152569        0.322769E-04
     7.00000         3.00000         0.00000         0.00000    
     7.25000         0.00000         0.00000         0.00000    
     7.25000        0.250000        0.152933        0.278736E-04
     7.25000        0.500000        0.278025        0.919443E-04
     7.25000        0.750000        0.375266        0.173955E-03
     7.25000         1.00000        0.444663        0.243260E-03
     7.25000         1.25000        0.486233        0.291913E-03
     7.25000         1.50000        0.499997        0.307143E-03
     7.25000         1.75000        0.485986        0.289313E-03
     7.25000         2.00000        0.444223        0.240501E-03
     7.25000         2.25000        0.374734        0.169161E-03
     7.25000         2.50000        0.277532        0.929995E-04
     7.25000         2.75000        0.152624        0.273253E-04
     7.25000         3.00000         0.00000         0.00000    
     7.50000         0.00000         0.00000         0.00000    
     7.50000        0.250000        0.152887        0.220733E-04
     7.50000        0.500000        0.277955        0.744235E-04
     7.50000        0.750000        0.375196        0.140867E-03
     7.50000         1.00000        0.444607        0.199687E-03
     7.50000         1.25000        0.486203        0.240635E-03
     7.50000         1.50000        0.499999        0.254392E-03
     7.50000         1.75000        0.486019        0.239054E-03
     7.50000         2.00000        0.444281        0.197601E-03
     7.50000         2.25000        0.374806        0.137818E-03
     7.50000         2.50000        0.277602        0.744910E-04
     7.50000         2.75000        0.152669        0.217545E-04
     7.50000         3.00000         0.00000         0.00000    
     7.75000         0.00000         0.00000         0.00000    
     7.75000        0.250000        0.152851        0.165571E-04
     7.75000        0.500000        0.277900        0.565536E-04
     7.75000        0.750000        0.375137        0.109452E-03
     7.75000         1.00000        0.444560        0.156456E-03
     7.75000         1.25000        0.486177        0.190109E-03
     7.75000         1.50000        0.499999        0.201411E-03
     7.75000         1.75000        0.486045        0.189305E-03
     7.75000         2.00000        0.444328        0.155910E-03
     7.75000         2.25000        0.374863        0.108000E-03
     7.75000         2.50000        0.277656        0.581095E-04
     7.75000         2.75000        0.152705        0.167151E-04
     7.75000         3.00000         0.00000         0.00000    
     8.00000         0.00000         0.00000         0.00000    
     8.00000        0.250000        0.152824        0.122415E-04
     8.00000        0.500000        0.277858        0.423765E-04
     8.00000        0.750000        0.375092        0.818162E-04
     8.00000         1.00000        0.444523        0.118090E-03
     8.00000         1.25000        0.486156        0.143965E-03
     8.00000         1.50000        0.500000        0.152933E-03
     8.00000         1.75000        0.486066        0.143518E-03
     8.00000         2.00000        0.444366        0.117629E-03
     8.00000         2.25000        0.374909        0.809136E-04
     8.00000         2.50000        0.277698        0.429806E-04
     8.00000         2.75000        0.152731        0.123095E-04
     8.00000         3.00000         0.00000         0.00000    
     8.25000         0.00000         0.00000         0.00000    
     8.25000        0.250000        0.152805        0.844204E-05
     8.25000        0.500000        0.277827        0.298408E-04
     8.25000        0.750000        0.375058        0.589078E-04
     8.25000         1.00000        0.444495        0.858219E-04
     8.25000         1.25000        0.486140        0.105363E-03
     8.25000         1.50000        0.500000        0.112211E-03
     8.25000         1.75000        0.486082        0.105266E-03
     8.25000         2.00000        0.444394        0.859738E-04
     8.25000         2.25000        0.374942        0.587196E-04
     8.25000         2.50000        0.277729        0.309513E-04
     8.25000         2.75000        0.152751        0.867637E-05
     8.25000         3.00000         0.00000         0.00000    
     8.50000         0.00000         0.00000         0.00000    
     8.50000        0.250000        0.152791        0.582448E-05
     8.50000        0.500000        0.277804        0.207776E-04
     8.50000        0.750000        0.375033        0.409429E-04
     8.50000         1.00000        0.444474        0.601619E-04
     8.50000         1.25000        0.486129        0.741577E-04
     8.50000         1.50000        0.500000        0.791071E-04
     8.50000         1.75000        0.486094        0.740887E-04
     8.50000         2.00000        0.444415        0.601994E-04
     8.50000         2.25000        0.374967        0.407931E-04
     8.50000         2.50000        0.277751        0.212483E-04
     8.50000         2.75000        0.152764        0.593379E-05
     8.50000         3.00000         0.00000         0.00000    
     8.75000         0.00000         0.00000         0.00000    
     8.75000        0.250000        0.152782        0.366175E-05
     8.75000        0.500000        0.277789        0.135333E-04
     8.75000        0.750000        0.375016        0.273115E-04
     8.75000         1.00000        0.444460        0.406483E-04
     8.75000         1.25000        0.486120        0.504460E-04
     8.75000         1.50000        0.500000        0.540054E-04
     8.75000         1.75000        0.486102        0.505181E-04
     8.75000         2.00000        0.444429        0.408615E-04
     8.75000         2.25000        0.374984        0.274547E-04
     8.75000         2.50000        0.277766        0.141009E-04
     8.75000         2.75000        0.152773        0.382935E-05
     8.75000         3.00000         0.00000         0.00000    
     9.00000         0.00000         0.00000         0.00000    
     9.00000        0.250000        0.152776        0.233850E-05
     9.00000        0.500000        0.277779        0.869665E-05
     9.00000        0.750000        0.375004        0.175523E-04
     9.00000         1.00000        0.444449        0.263655E-04
     9.00000         1.25000        0.486115        0.329058E-04
     9.00000         1.50000        0.500000        0.352729E-04
     9.00000         1.75000        0.486108        0.329403E-04
     9.00000         2.00000        0.444439        0.264907E-04
     9.00000         2.25000        0.374996        0.176362E-04
     9.00000         2.50000        0.277777        0.895683E-05
     9.00000         2.75000        0.152779        0.243707E-05
     9.00000         3.00000         0.00000         0.00000    
     9.25000         0.00000         0.00000         0.00000    
     9.25000        0.250000        0.152773        0.131718E-05
     9.25000        0.500000        0.277773        0.519526E-05
     9.25000        0.750000        0.374997        0.107236E-04
     9.25000         1.00000        0.444443        0.163955E-04
     9.25000         1.25000        0.486111        0.205963E-04
     9.25000         1.50000        0.500000        0.221969E-04
     9.25000         1.75000        0.486111        0.206876E-04
     9.25000         2.00000        0.444446        0.165377E-04
     9.25000         2.25000        0.375003        0.109064E-04
     9.25000         2.50000        0.277783        0.540314E-05
     9.25000         2.75000        0.152783        0.142361E-05
     9.25000         3.00000         0.00000         0.00000    
     9.50000         0.00000         0.00000         0.00000    
     9.50000        0.250000        0.152771        0.755742E-06
     9.50000        0.500000        0.277769        0.297452E-05
     9.50000        0.750000        0.374992        0.613415E-05
     9.50000         1.00000        0.444439        0.949056E-05
     9.50000         1.25000        0.486108        0.119757E-04
     9.50000         1.50000        0.500000        0.129551E-04
     9.50000         1.75000        0.486114        0.120330E-04
     9.50000         2.00000        0.444450        0.958432E-05
     9.50000         2.25000        0.375008        0.625829E-05
     9.50000         2.50000        0.277787        0.308824E-05
     9.50000         2.75000        0.152785        0.825556E-06
     9.50000         3.00000         0.00000         0.00000    
     9.75000         0.00000         0.00000         0.00000    
     9.75000        0.250000        0.152770        0.356221E-06
     9.75000        0.500000        0.277767        0.138521E-05
     9.75000        0.750000        0.374990        0.287129E-05
     9.75000         1.00000        0.444437        0.454007E-05
     9.75000         1.25000        0.486107        0.575715E-05
     9.75000         1.50000        0.500000        0.624673E-05
     9.75000         1.75000        0.486115        0.579165E-05
     9.75000         2.00000        0.444452        0.455753E-05
     9.75000         2.25000        0.375010        0.296062E-05
     9.75000         2.50000        0.277789        0.141303E-05
     9.75000         2.75000        0.152786        0.387465E-06
     9.75000         3.00000         0.00000         0.00000    
     10.0000         0.00000         0.00000         0.00000    
     10.0000        0.250000        0.152769         0.00000    
     10.0000        0.500000        0.277766         0.00000    
     10.0000        0.750000        0.374989         0.00000    
     10.0000         1.00000        0.444436         0.00000    
     10.0000         1.25000        0.486107         0.00000    
     10.0000         1.50000        0.500000         0.00000    
     10.0000         1.75000        0.486116         0.00000    
     10.0000         2.00000        0.444453         0.00000    
     10.0000         2.25000        0.375011         0.00000    
     10.0000         2.50000        0.277789         0.00000    
     10.0000         2.75000        0.152786         0.00000    
     10.0000         3.00000         0.00000         0.00000    
