  -3.00000000000000000000000000000000000         1.57499940000046800257119254999754335      
  -2.99000000022351741790771484375000000         1.57370943108029610510809495995641360      
  -2.98000000044703483581542968750000000         1.57282959484978385740639590500602458      
  -2.97000000067055225372314453125000000         1.57234523408792947203222580415226525      
  -2.96000000089406967163085937500000000         1.57224191798639578139386429899472551      
  -2.95000000111758708953857421875000000         1.57250544036451281689432294535414857      
  -2.94000000134110450744628906250000000         1.57312181789028037927927022498555522      
  -2.93000000156462192535400390625000000         1.57407728830737060018029887737708496      
  -2.92000000178813934326171875000000000         1.57535830866813049485353555163452698      
  -2.91000000201165676116943359375000000         1.57695155357258450611359277845154150      
  -2.90000000223517417907714843750000000         1.57884391341343703946286326216559785      
  -2.89000000245869159698486328125000000         1.58102249262707498941615649289960249      
  -2.88000000268220901489257812500000000         1.58347460795057025702067767878922408      
  -2.87000000290572643280029296875000000         1.58618778668468225857134899829593317      
  -2.86000000312924385070800781250000000         1.58914976496286042552147317260573626      
  -2.85000000335276126861572265625000000         1.59234848602624669558873935811362103      
  -2.84000000357627868652343750000000000         1.59577209850467799505657135899368855      
  -2.83000000379979610443115234375000000         1.59940895470368871227081815985502695      
  -2.82000000402331352233886718750000000         1.60324760889751316233178677848325456      
  -2.81000000424683094024658203125000000         1.60727681562808804298161743866778654      
  -2.80000000447034835815429687500000000         1.61148552801005488168700106311482052      
  -2.79000000469386577606201171875000000         1.61586289604176247391723908644601394      
  -2.78000000491738319396972656250000000         1.62039826492226931261764558828288543      
  -2.77000000514090061187744140625000000         1.62508117337434600887829174641691342      
  -2.76000000536441802978515625000000000         1.62990135197347770379809261006536983      
  -2.75000000558793544769287109375000000         1.63484872148286647154423619321284016      
  -2.74000000581145286560058593750000000         1.63991339119443371360695488803847848      
  -2.73000000603497028350830078125000000         1.64508565727582254424963919842896984      
  -2.72000000625848770141601562500000000         1.65035600112340016715429379357720462      
  -2.71000000648200511932373046875000000         1.65571508772126024326233588166668226      
  -2.70000000670552253723144531250000000         1.66115376400622524981073590364161793      
  -2.69000000692903995513916015625000000         1.66666305723884883056350054706278141      
  -2.68000000715255737304687500000000000         1.67223417338041813723849808004904372      
  -2.67000000737607479095458984375000000         1.67785849547595616212962600530465701      
  -2.66000000759959220886230468750000000         1.68352758204322406192432103423224225      
  -2.65000000782310962677001953125000000         1.68923316546772347271641138113151728      
  -2.64000000804662704467773437500000000         1.69496715040369881621431137748372848      
  -2.63000000827014446258544921875000000         1.70072161218113959714455840632181724      
  -2.62000000849366188049316406250000000         1.70648879521878269185069215668631615      
  -2.61000000871717929840087890625000000         1.71226111144311462808747619816696677      
  -2.60000000894069671630859375000000000         1.71803113871337385601046187553005405      
  -2.59000000916421413421630859375000000         1.72379161925255301036089452343148821      
  -2.58000000938773155212402343750000000         1.72953545808440116384596200121560129      
  -2.57000000961124897003173828125000000         1.73525572147642607171438554779968398      
  -2.56000000983476638793945312500000000         1.74094563538889640752735295664423840      
  -2.55000001005828380584716796875000000         1.74659858392984399012479407080898108      
  -2.54000001028180122375488281250000000         1.75220810781606600178699859809456267      
  -2.53000001050531864166259765625000000         1.75776790284012719759157624627003349      
  -2.52000001072883605957031250000000000         1.76327181834336210596575917838603650      
  -2.51000001095235347747802734375000000         1.76871385569487722043404678817373093      
  -2.50000001117587089538574218750000000         1.77408816677655318256119279552946977      
  -2.49000001139938831329345703125000000         1.77938905247404695609053466208519553      
  -2.48000001162290573120117187500000000         1.78461096117379399227766532686458159      
  -2.47000001184642314910888671875000000         1.78974848726601038641944726202491856      
  -2.46000001206994056701660156250000000         1.79479636965369502557836884868473249      
  -2.45000001229345798492431640625000000         1.79974949026763172750224307283714371      
  -2.44000001251697540283203125000000000         1.80460287258739137073924854134897527      
  -2.43000001274049282073974609375000000         1.80935168016833401594831281804559668      
  -2.42000001296401023864746093750000000         1.81399121517461101840483807988151159      
  -2.41000001318752765655517578125000000         1.81851691691816713170176909319669936      
  -2.40000001341104507446289062500000000         1.82292436040374260264600351005868984      
  -2.39000001363456249237060546875000000         1.82720925487987525735014448469039134      
  -2.38000001385807991027832031250000000         1.83136744239590257851959560998366419      
  -2.37000001408159732818603515625000000         1.83539489636496377393499817409864413      
  -2.36000001430511474609375000000000000         1.83928772013300183613001073714881306      
  -2.35000001452863216400146484375000000         1.84304214555376559326443102797182230      
  -2.34000001475214958190917968750000000         1.84665453156981175119266016098606132      
  -2.33000001497566699981689453125000000         1.85012136279950692672750917313298645      
  -2.32000001519918441772460937500000000         1.85343924813002967209934788090519681      
  -2.31000001542270183563232421875000000         1.85660491931637249061059605746026502      
  -2.30000001564621925354003906250000000         1.85961522958634384348555692982032382      
  -2.29000001586973667144775390625000000         1.86246715225157014791559299615740607      
  -2.28000001609325408935546875000000000         1.86515777932449776629964416316454725      
  -2.27000001631677150726318359375000000         1.86768432014139498668008820351263402      
  -2.26000001654028892517089843750000000         1.87004409999135399437394353339302581      
  -2.25000001676380634307861328125000000         1.87223455875129283479941431014592163      
  -2.24000001698732376098632812500000000         1.87425324952695736749777784997449979      
  -2.23000001721084117889404296875000000         1.87609783729992321135061436574480543      
  -2.22000001743435859680175781250000000         1.87776609758059768099237902487141223      
  -2.21000001765787601470947265625000000         1.87925591506722171441831632728883967      
  -2.20000001788139343261718750000000000         1.88056528231087179178771680350874105      
  -2.19000001810491085052490234375000000         1.88169229838646184542251603276284391      
  -2.18000001832842826843261718750000000         1.88263516756974516100123598123167089      
  -2.17000001855194568634033203125000000         1.88339219802031626994826866035901714      
  -2.16000001877546310424804687500000000         1.88396180047061283301850210525220039      
  -2.15000001899898052215576171875000000         1.88434248692091751507728867316807562      
  -2.14000001922249794006347656250000000         1.88453286934035985107575566208482155      
  -2.13000001944601535797119140625000000         1.88453165837391810322145824935950066      
  -2.12000001966953277587890625000000000         1.88433766205542110934437475047138122      
  -2.11000001989305019378662109375000000         1.88394978452655012245824419785104187      
  -2.10000002011656761169433593750000000         1.88336702476184064151724623979524145      
  -2.09000002034008502960205078125000000         1.88258847529968423336802335946756740      
  -2.08000002056360244750976562500000000         1.88161332097933034589704541398485862      
  -2.07000002078711986541748046875000000         1.88044083768388811237331649358939921      
  -2.06000002101063728332519531250000000         1.87907039108932814698642410090689824      
  -2.05000002123415470123291015625000000         1.87750143541948433157993065029023744      
  -2.04000002145767211914062500000000000         1.87573351220705559358010728724900326      
  -2.03000002168118953704833984375000000         1.87376624906060767512001002796479802      
  -2.02000002190470695495605468750000000         1.87159935843757489335889821889232962      
  -2.01000002212822437286376953125000000         1.86923263642326189199699531644628341      
  -2.00000002235174179077148437500000000         1.86666596151584538398559198677397456      
  -1.99000002257525920867919921875000000         1.86389929341737588543249152561379037      
  -1.98000002279877662658691406250000000         1.86093267183077944070279759823940676      
  -1.97000002302229404449462890625000000         1.85776621526285933871504429948979657      
  -1.96000002324581146240234375000000000         1.85440011983329782043266853388502143      
  -1.95000002346932888031005859375000000         1.85083465808965777755082471582781388      
  -1.94000002369284629821777343750000000         1.84707017782838444237854178989093827      
  -1.93000002391636371612548828125000000         1.84310710092180706891622257119035228      
  -1.92000002413988113403320312500000000         1.83894592215114060512848540584414983      
  -1.91000002436339855194091796875000000         1.83458720804548735641234815151729690      
  -1.90000002458691596984863281250000000         1.83003159572683864026075447805215796      
  -1.89000002481043338775634765625000000         1.82527979176107643212144248818481704      
  -1.88000002503395080566406250000000000         1.82033257101497500245115565834719138      
  -1.87000002525746822357177734375000000         1.81519077551920254496519609955493450      
  -1.86000002548098564147949218750000000         1.80985531333732279608232013838114254      
  -1.85000002570450305938720703125000000         1.80432715744079664556497621801585159      
  -1.84000002592802047729492187500000000         1.79860734458998373835488511941132999      
  -1.83000002615153789520263671875000000         1.79269697422114406760396250251317547      
  -1.82000002637505531311035156250000000         1.78659720733943955890058376757720505      
  -1.81000002659857273101806640625000000         1.78030926541793564569119123657214503      
  -1.80000002682209014892578125000000000         1.77383442930260283589724365466812553      
  -1.79000002704560756683349609375000000         1.76717403812331826972750801181097365      
  -1.78000002726912498474121093750000000         1.76032948821086726868569368438230818      
  -1.77000002749264240264892578125000000         1.75330223201994487577342889694544147      
  -1.76000002771615982055664062500000000         1.74609377705815738688857950407708152      
  -1.75000002793967723846435546875000000         1.73870568482102387341891009228483999      
  -1.74000002816319465637207031250000000         1.73113956973297769603108740201055131      
  -1.73000002838671207427978515625000000         1.72339709809436800965502606971939111      
  -1.72000002861022949218750000000000000         1.71547998703446125966357669007480651      
  -1.71000002883374691009521484375000000         1.70739000347044266924755619819925908      
  -1.70000002905726432800292968750000000         1.69912896307241771798612057202076880      
  -1.69000002928078174591064453125000000         1.69069872923441361161247985470527670      
  -1.68000002950429916381835937500000000         1.68210121205138074297495549717481602      
  -1.67000002972781658172607421875000000         1.67333836730219414419338002071149316      
  -1.66000002995133399963378906250000000         1.66441219543865493001083899964729068      
  -1.65000003017485141754150390625000000         1.65532474058049173234075536413967153      
  -1.64000003039836883544921875000000000         1.64607808951636212600931602303301178      
  -1.63000003062188625335693359375000000         1.63667437071085404569324080680584321      
  -1.62000003084540367126464843750000000         1.62711575331748719405289373060391089      
  -1.61000003106892108917236328125000000         1.61740444619771444106073657735905374      
  -1.60000003129243850708007812500000000         1.60754269694592321452512480099390147      
  -1.59000003151595592498779296875000000         1.59753279092043688180944574971239229      
  -1.58000003173947334289550781250000000         1.58737705028051612274659920937611170      
  -1.57000003196299076080322265625000000         1.57707783302936029374882026696644954      
  -1.56000003218650817871093750000000000         1.56663753206310878311284449413258668      
  -1.55000003241002559661865234375000000         1.55605857422584235752041545082529767      
  -1.54000003263354301452636718750000000         1.54534341937058449973413450901658419      
  -1.53000003285706043243408203125000000         1.53449455942630273748865299650512952      
  -1.52000003308057785034179687500000000         1.52351451747090996357720666080758043      
  -1.51000003330409526824951171875000000         1.51240584681026574713349245313565922      
  -1.50000003352761268615722656250000000         1.50117113006317763610888763245909994      
  -1.49000003375113010406494140625000000         1.48981297825240245094501118965441480      
  -1.48000003397464752197265625000000000         1.47833402990164756944162759173949263      
  -1.47000003419816493988037109375000000         1.46673695013857220281989284619402673      
  -1.46000003442168235778808593750000000         1.45502442980378866298094288536577212      
  -1.45000003464519977569580078125000000         1.44319918456586362095982427096264199      
  -1.44000003486871719360351562500000000         1.43126395404231935657476721863063081      
  -1.43000003509223461151123046875000000         1.41922150092663499927180094261757675      
  -1.42000003531575202941894531250000000         1.40707461012124776016471132052275773      
  -1.41000003553926944732666015625000000         1.39482608787655415527034087813232266      
  -1.40000003576278686523437500000000000         1.38247876093591121993923109434056422      
  -1.39000003598630428314208984375000000         1.37003547568663771448160702615702495      
  -1.38000003620982170104980468750000000         1.35749909731701532098870425379944642      
  -1.37000003643333911895751953125000000         1.34487250897928983134943814587255560      
  -1.36000003665685653686523437500000000         1.33215861095867232646241544463269556      
  -1.35000003688037395477294921875000000         1.31936031984834034664328817133829391      
  -1.34000003710389137268066406250000000         1.30648056773043905322744985168617767      
  -1.33000003732740879058837890625000000         1.29352230136308238136807406133372962      
  -1.32000003755092620849609375000000000         1.28048848137335418402949529150689209      
  -1.31000003777444362640380859375000000         1.26738208145630936717593213469401297      
  -1.30000003799796104431152343750000000         1.25420608757997501615555279042554081      
  -1.29000003822147846221923828125000000         1.24096349719635151327988289113956538      
  -1.28000003844499588012695312500000000         1.22765731845841364659855564813321029      
  -1.27000003866851329803466796875000000         1.21429056944311170986940431759986853      
  -1.26000003889203071594238281250000000         1.20086627738037259372389698675229563      
  -1.25000003911554813385009765625000000         1.18738747788810086802791368003154809      
  -1.24000003933906555175781250000000000         1.17385721421317985543786578540177672      
  -1.23000003956258296966552734375000000         1.16027853647847269615215780073087275      
  -1.22000003978610038757324218750000000         1.14665450093582340385799140025696773      
  -1.21000004000961780548095703125000000         1.13298816922505791287351182114078595      
  -1.20000004023313522338867187500000000         1.11928260763898511648529657010385760      
  -1.19000004045665264129638671875000000         1.10554088639439789648118645015258202      
  -1.18000004068017005920410156250000000         1.09176607890907414387845890738815604      
  -1.17000004090368747711181640625000000         1.07796126108477777084734369790235335      
  -1.16000004112720489501953125000000000         1.06412951059625971382988087475916886      
  -1.15000004135072231292724609375000000         1.05027390618625892785412109506232000      
  -1.14000004157423973083496093750000000         1.03639752696650337204366824710861012      
  -1.13000004179775714874267578125000000         1.02250345172471098632256439762715694      
  -1.12000004202127456665039062500000000         1.00859475823759065931551705910447867      
  -1.11000004224479198455810546875000000        0.994674522589843187443468777195448239      
  -1.10000004246830940246582031250000000        0.980745818499162225214509038220111770      
  -1.09000004269182682037353515625000000        0.966811716647235226710128496746370518      
  -1.08000004291534423828125000000000000        0.952875284016744378266815523258533323      
  -1.07000004313886165618896484375000000        0.938939583234367522352995071911733596      
  -1.06000004336237907409667968750000000        0.925007671919779072641309868372215840      
  -1.05000004358589649200439453125000000        0.911082602040650920276243917743492971      
  -1.04000004380941390991210937500000000        0.897167419273653331337088332578371635      
  -1.03000004403293132781982421875000000        0.883265162371455835496249480976851305      
  -1.02000004425644874572753906250000000        0.869378862535728105872899454769893593      
  -1.01000004447996616363525390625000000        0.855511542796140830081968857789065915      
  -1.00000004470348358154296875000000000        0.841666217395366572478481914222059713      
 -0.990000044927000999450683593750000000        0.827845891180080627597233897054081578      
 -0.980000045150518417358398437500000000        0.814053558997961864787810876595122976      
 -0.970000045374035835266113281250000000        0.800292205100693564044951789093104319      
 -0.960000045597553253173828125000000000        0.786564802552964243034252825432899278      
 -0.950000045821070671081542968750000000        0.772874312647468475313214139921235467      
 -0.940000046044588088989257812500000000        0.759223684325907699747628879157476319      
 -0.930000046268105506896972656250000000        0.745615853605991021123314530990282331      
 -0.920000046491622924804687500000000000        0.732053743014436001953186593560155137      
 -0.910000046715140342712402343750000000        0.718540261025969445479674564427862674      
 -0.900000046938657760620117187500000000        0.705078301508328169872480249788748145      
 -0.890000047162175178527832031250000000        0.691670743173259773621678393772922871      
 -0.880000047385692596435546875000000000        0.678320449033523392126159627831345154      
 -0.870000047609210014343261718750000000        0.665030265865890445477415740207784076      
 -0.860000047832727432250976562500000000        0.651803023680145377438667265496670383      
 -0.850000048056244850158691406250000000        0.638641535194086385619333394286836639      
 -0.840000048279762268066406250000000000        0.625548595314526142844844202891143294      
 -0.830000048503279685974121093750000000        0.612526980624292509721795203161998368      
 -0.820000048726797103881835937500000000        0.599579448875229238398444212392763818      
 -0.810000048950314521789550781250000000        0.586708738487196667520550543305056388      
 -0.800000049173831939697265625000000000        0.573917568053072408382556514121938891      
 -0.790000049397349357604980468750000000        0.561208635849752022274111278727006748      
 -0.780000049620866775512695312500000000        0.548584619355149689021936976909367182      
 -0.770000049844384193420410156250000000        0.536048174771198866727037204694514039      
 -0.760000050067901611328125000000000000        0.523601936552852942697247804761099609      
 -0.750000050291419029235839843750000000        0.511248516943085875575129976943602843      
 -0.740000050514936447143554687500000000        0.498990505513892828661205708820894802      
 -0.730000050738453865051269531250000000        0.486830468713290794432535526390704896      
 -0.720000050961971282958984375000000000        0.474770949418319210256638564829984392      
 -0.710000051185488700866699218750000000        0.462814466494040565300754959341173562      
 -0.700000051409006118774414062500000000        0.450963514358540998636450556084367684      
 -0.690000051632523536682128906250000000        0.439220562553930888539563943195387692      
 -0.680000051856040954589843750000000000        0.427588055323345432985495801889752957      
 -0.670000052079558372497558593750000000        0.416068411193945221339840577652559391      
 -0.660000052303075790405273437500000000        0.404664022565916797244360471514262186      
 -0.650000052526593208312988281250000000        0.393377255307473212698301751412365121      
 -0.640000052750110626220703125000000000        0.382210448355854573335053383639017259      
 -0.630000052973628044128417968750000000        0.371165913324328574894147984374516931      
 -0.620000053197145462036132812500000000        0.360245934115191030888605091306725747      
 -0.610000053420662879943847656250000000        0.349452766538766391467616755336391406      
 -0.600000053644180297851562500000000000        0.338788637938408253474575452368382299      
 -0.590000053867697715759277343750000000        0.328255746821499861700444315188833421      
 -0.580000054091215133666992187500000000        0.317856262496454601332469685428204848      
 -0.570000054314732551574707031250000000        0.307592324715716481598235985610253873      
 -0.560000054538249969482421875000000000        0.297466043324760610605062911286922034      
 -0.550000054761767387390136718750000000        0.287479497917093661374744943259136749      
 -0.540000054985284805297851562500000000        0.277634737495254329073633179883530160      
 -0.530000055208802223205566406250000000        0.267933780137813779438059489465074609      
 -0.520000055432319641113281250000000000        0.258378612672376088395102982735636569      
 -0.510000055655837059020996093750000000        0.248971190354578672878698805418449667      
 -0.500000055879354476928710937500000000        0.239713436553092712841089250878507485      
 -0.490000056102871894836425781250000000        0.230607242440623564459617192858877740      
 -0.480000056326389312744140625000000000        0.221654466690911164538861838302937637      
 -0.470000056549906730651855468750000000        0.212856935181730426108116800262532817      
 -0.460000056773424148559570312500000000        0.204216440703891625214210490892059138      
 -0.450000056996941566467285156250000000        0.195734742676240778909668834528469884      
 -0.440000057220458984375000000000000000        0.187413566866660014436220300857207704      
 -0.430000057443976402282714843750000000        0.179254605119067929603643258164063523      
 -0.420000057667493820190429687500000000        0.171259515086419944363955646672962713      
 -0.410000057891011238098144531250000000        0.163429919969708643580946971969679383      
 -0.400000058114528656005859375000000000        0.155767408262964110995052618511480007      
 -0.390000058338046073913574218750000000        0.148273533504254254383570483222697000      
 -0.380000058561563491821289062500000000        0.140949814032685121916219929176233628      
 -0.370000058785080909729003906250000000        0.133797732751401209706043059361000480      
 -0.360000059008598327636718750000000000        0.126818736896585760555648310535285174      
 -0.350000059232115745544433593750000000        0.120014237812461053898796367166055467      
 -0.340000059455633163452148437500000000        0.113385610732288686937328395454197507      
 -0.330000059679150581359863281250000000        0.106934194565369846973436597445689323      
 -0.320000059902667999267578125000000000        0.100661291690045574937277085228710960      
 -0.310000060126185417175292968750000000         9.45681677526970201099250752166923313E-0002
 -0.300000060349702835083007812500000000         8.86560514727456860416724025172990177E-0002
 -0.290000060573220252990722656250000000         8.29261344536536676656673553873576848E-0002
 -0.280000060796737670898437500000000000         7.73795709999238796068968297737215750E-0002
 -0.270000061020255088806152343750000000         7.20174779401002756865108039400771980E-0002
 -0.260000061243772506713867187500000000         6.68409344557680596214891331796930019E-0002
 -0.250000061467289924621582031250000000         6.18509819165538869196506646141110228E-0002
 -0.240000061690807342529296875000000000         5.70486237211260579700046720777825315E-0002
 -0.230000061914324760437011718750000000         5.24348251441947023284446110886483330E-0002
 -0.220000062137842178344726562500000000         4.80105131895119541987841939046648427E-0002
 -0.210000062361359596252441406250000000         4.37765764488721191091357846662768627E-0002
 -0.200000062584877014160156250000000000         3.97338649671118317836311146248378567E-0002
 -0.190000062808394432067871093750000000         3.58831901131102052094843174569787229E-0002
 -0.180000063031911849975585937500000000         3.22253244567889708993972846649259387E-0002
 -0.170000063255429267883300781250000000         2.87610016521126103493073410627700599E-0002
 -0.160000063478946685791015625000000000         2.54909163260884776914772403486854477E-0002
 -0.150000063702464103698730468750000000         2.24157239737669135429274807631021201E-0002
 -0.140000063925981521606445312500000000         1.95360408592413500492109408328306762E-0002
 -0.130000064149498939514160156250000000         1.68524439226484071235298352011412521E-0002
 -0.120000064373016357421875000000000000         1.43654706931679798811949905437973369E-0002
 -0.110000064596533775329589843750000000         1.20756192080233172694274415710454245E-0002
 -0.100000064820051193237304687500000000         9.98334793748109189250234711556143462E-0003
  -9.00000650435686111450195312500000000E-0002   8.08907571585146103223522630635475770E-0003
  -8.00000652670860290527343750000000000E-0002   6.39318167848811886381051482863091049E-0003
  -7.00000654906034469604492187500000000E-0002   4.89600520478833986695244126961367654E-0003
  -6.00000657141208648681640625000000000E-0002   3.59784586719301343243822355032766721E-0003
  -5.00000659376382827758789062500000000E-0002   2.49896338618666966395358544334221208E-0003
  -4.00000661611557006835937500000000000E-0002   1.59957759129749637529059317647751533E-0003
  -3.00000663846731185913085937500000000E-0002   8.99868388097347282887812122473971616E-0004
  -2.00000666081905364990234375000000000E-0002   3.99975731201741393712783574625582277E-0004
  -1.00000668317079544067382812500000000E-0002   9.99996032698535884868216083783738381E-0005
  -6.70552253723144531250000000000000000E-0008   4.49640025213002889474685718994306016E-0015
   9.99993272125720977783203125000000000E-0003   9.99969211520929882812394045846696374E-0005
   1.99999324977397918701171875000000000E-0002   3.99970367502641307328764186604635883E-0004
   2.99999322742223739624023437500000000E-0002   8.99860343889669472225479914325304615E-0004
   3.99999320507049560546875000000000000E-0002   1.59956686819018231781472050676874036E-0003
   4.99999318271875381469726562500000000E-0002   2.49894998632459915423109564001617408E-0003
   5.99999316036701202392578125000000000E-0002   3.59782979325668271752152821058719855E-0003
   6.99999313801527023315429687500000000E-0002   4.89598645999345931560861188479132044E-0003
   7.99999311566352844238281250000000000E-0002   6.39316026658513016959628873405279024E-0003
   8.99999309331178665161132812500000000E-0002   8.08905164112497395041784695620961801E-0003
   9.99999307096004486083984375000000000E-0002   9.98332120474924051082623868278770518E-0003
  0.109999930486083030700683593750000000         1.20755898226370358127267178722509998E-0002
  0.119999930262565612792968750000000000         1.43654386610101980498517982892286118E-0002
  0.129999930039048194885253906250000000         1.68524092501331649657785315697197724E-0002
  0.139999929815530776977539062500000000         1.95360035533128323672881053722776096E-0002
  0.149999929592013359069824218750000000         2.24156840418984038330677616151725745E-0002
  0.159999929368495941162109375000000000         2.54908737762812316177550347995365703E-0002
  0.169999929144978523254394531250000000         2.87609564928946487513243104184885169E-0002
  0.179999928921461105346679687500000000         3.22252766972137923338157034522424685E-0002
  0.189999928697943687438964843750000000         3.58831397627554180254062569491990501E-0002
  0.199999928474426269531250000000000000         3.97338120360777057318234606930212017E-0002
  0.209999928250908851623535156250000000         4.37765209477800564851010899556951495E-0002
  0.219999928027391433715820312500000000         4.80104551295028805196773643365774763E-0002
  0.229999927803874015808105468750000000         5.24347645369273765438354266874292866E-0002
  0.239999927580356597900390625000000000         5.70485605787753022064861421234383157E-0002
  0.249999927356839179992675781250000000         6.18509162518087357592932171202298853E-0002
  0.259999927133321762084960937500000000         6.68408662818298289141406386968677409E-0002
  0.269999926909804344177246093750000000         7.20174072706805508959424336848455355E-0002
  0.279999926686286926269531250000000000         7.73794978492424236907947480830700840E-0002
  0.289999926462769508361816406250000000         8.29260588364362484894702464988369141E-0002
  0.299999926239252090454101562500000000         8.86559734042218233262548316747996760E-0002
  0.309999926015734672546386718750000000         9.45680872485976519131266841019335327E-0002
  0.319999925792217254638671875000000000        0.100661208766600643669277621718494253      
  0.329999925568699836730957031250000000        0.106934109239305804945976779694973221      
  0.339999925345182418823242187500000000        0.113385523020825921446776610305049797      
  0.349999925121665000915527343750000000        0.120014147733311231843061202882541646      
  0.359999924898147583007812500000000000        0.126818644467949092584936923864354121      
  0.369999924674630165100097656250000000        0.133797637991963633907465376919429538      
  0.379999924451112747192382812500000000        0.140949716961615407032238683163697213      
  0.389999924227595329284667968750000000        0.148273434141201022564297081461025276      
  0.399999924004077911376953125000000000        0.155767306628052780084388848810175236      
  0.409999923780560493469238281250000000        0.163429816083538288936572540817759913      
  0.419999923557043075561523437500000000        0.171259408970060080211161552257206246      
  0.429999923333525657653808593750000000        0.179254496794055209923010997713723018      
  0.439999923110008239746093750000000000        0.187413456354994853385146912315275246      
  0.449999922886490821838378906250000000        0.195734630000383890777737772549565814      
  0.459999922662973403930664062500000000        0.204216325886760483912408337167025319      
  0.469999922439455986022949218750000000        0.212856818246695644191895808169810506      
  0.479999922215938568115234375000000000        0.221654347661792791765048311886813562      
  0.489999921992421150207519531250000000        0.230607121341687305877165700134681660      
  0.499999921768903732299804687500000000        0.239713313409046066415682671464848499      
  0.509999921545386314392089843750000000        0.248971065190566986651194212496578909      
  0.519999921321868896484375000000000000        0.258378485513978537173823359336026645      
  0.529999921098351478576660156250000000        0.267933651011039261024931279081307308      
  0.539999920874834060668945312500000000        0.277634606426537280024169671413586278      
  0.549999920651316642761230468750000000        0.287479364933289792291875490274183525      
  0.559999920427799224853515625000000000        0.297465908453142560966807985627695344      
  0.569999920204281806945800781250000000        0.307592187983969394119228065311134965      
  0.579999919980764389038085937500000000        0.317856123932671615859319976969091473      
  0.589999919757246971130371093750000000        0.328255606454177528640955310074909853      
  0.599999919533729553222656250000000000        0.338788495796441866760799318037891271      
  0.609999919310212135314941406250000000        0.349452622651445241052759560396515576      
  0.619999919086694717407226562500000000        0.360245788512193574777776865097686890      
  0.629999918863177299499511718750000000        0.371165766035717530708958610862002524      
  0.639999918639659881591796875000000000        0.382210299412071929412054329635047096      
  0.649999918416142463684082031250000000        0.393377104739335158721273629124711764      
  0.659999918192625045776367187500000000        0.404663870404608574410446435424540627      
  0.669999917969107627868652343750000000        0.416068257471015892059525555723103592      
  0.679999917745590209960937500000000000        0.427587900070702570116431561099398823      
  0.689999917522072792053222656250000000        0.439220405803835184154239989404283763      
  0.699999917298555374145507812500000000        0.450963356143600792323710868227936229      
  0.709999917075037956237792968750000000        0.462814306847206292001160557953347300      
  0.719999916851520538330078125000000000        0.474770788372877767631675914895845243      
  0.729999916628003120422363281250000000        0.486830306302859829767670774528653884      
  0.739999916404485702514648437500000000        0.498990341772414945302784754794483310      
  0.749999916180968284606933593750000000        0.511248351904822758901124379503156369      
  0.759999915957450866699218750000000000        0.523601770252379405621846521815270626      
  0.769999915733933448791503906250000000        0.536048007243396814739084167811896654      
  0.779999915510416030883789062500000000        0.548584450635202004757214500150314523      
  0.789999915286898612976074218750000000        0.561208465973136369621469301805787916      
  0.799999915063381195068359375000000000        0.573917397055554956123887679899378615      
  0.809999914839863777160644531250000000        0.586708566404825732504611109611800889      
  0.819999914616346359252929687500000000        0.599579275744328848248520798183316230      
  0.829999914392828941345214843750000000        0.612526806481455885077217368999671953      
  0.839999914169311523437500000000000000        0.625548420196609099136342865764081493      
  0.849999913945794105529785156250000000        0.638641359138200654378245076755248941      
  0.859999913722276687622070312500000000        0.651802846723651847139984179171439526      
  0.869999913498759269714355468750000000        0.665030088046392321916681703560594231      
  0.879999913275241851806640625000000000        0.678320270388859278330211818336491997      
  0.889999913051724433898925781250000000        0.691670563741496669293234934380961065      
  0.899999912828207015991210937500000000        0.705078121327754390368573629732135114      
  0.909999912604689598083496093750000000        0.718540080135087460323930894358763165      
  0.919999912381172180175781250000000000        0.732053561451955192881950695020566681      
  0.929999912157654762268066406250000000        0.745615671410820359665620860214650239      
  0.939999911934137344360351562500000000        0.759223501537148344339018285207962971      
  0.949999911710619926452636718750000000        0.772874129304406287943396457155813569      
  0.959999911487102508544921875000000000        0.786564618695062225428615300306440104      
  0.969999911263585090637207031250000000        0.800292020767584213379913341291633315      
  0.979999911040067672729492187500000000        0.814053374229439448940022194503417989      
  0.989999910816550254821777343750000000        0.827845706016093379926623367556788570      
  0.999999910593032836914062500000000000        0.841666031876008806145147386838505376      
   1.00999991036951541900634765625000000        0.855511356961644971896915243141946388      
   1.01999991014599800109863281250000000        0.869378676426456649682622157388022243      
   1.02999990992248058319091796875000000        0.883264976027893215101163666432148151      
   1.03999990969896316528320312500000000        0.897167232736397712943804028957279404      
   1.04999990947544574737548828125000000        0.911082415350405914483686951453009292      
   1.05999990925192832946777343750000000        0.925007485117345365960688634280728688      
   1.06999990902841091156005859375000000        0.938939396360634428261613137824851607      
   1.07999990880489349365234375000000000        0.952875097112681307795730068730105502      
   1.08999990858137607574462890625000000        0.966811529753883078565654586224885530      
   1.09999990835785865783691406250000000        0.980745631657624695433569728530679706      
   1.10999990813434123992919921875000000        0.994674335841277998582791059357557836      
   1.11999990791082382202148437500000000         1.00859457162320070917467363448573211      
   1.12999990768730640411376953125000000         1.02250326528573541620086128843318591      
   1.13999990746378898620605468750000000         1.03639734074420855453087824120937310      
   1.14999990724027156829833984375000000         1.05027372022192937415506302515499153      
   1.15999990701675415039062500000000000         1.06412932493118890062284473186782394      
   1.16999990679323673248291015625000000         1.07796107576025888667636157921465795      
   1.17999990656971931457519531250000000         1.09176589396639075507942179842927541      
   1.18999990634620189666748046875000000         1.10554070187481453264180684129652074      
   1.19999990612268447875976562500000000         1.11928242358373777543891690742244266      
   1.20999990589916706085205078125000000         1.13298798567534448522675879159051476      
   1.21999990567564964294433593750000000         1.14665431793279401705227605120393302      
   1.22999990545213222503662109375000000         1.16027835406321997805902149381399341      
   1.23999990522861480712890625000000000         1.17385703242672911748817198473454725      
   1.24999990500509738922119140625000000         1.18738729677140020787488557474253901      
   1.25999990478157997131347656250000000         1.20086609697428291744000094786462584      
   1.26999990455806255340576171875000000         1.21429038978839667367707918924987758      
   1.27999990433454513549804687500000000         1.22765713959572951813478787312856351      
   1.28999990411102771759033203125000000         1.24096331916623695239462747085702093      
   1.29999990388751029968261718750000000         1.25420591042284077524400007904860912      
   1.30999990366399288177490234375000000         1.26738190521242791104462046779075126      
   1.31999990344047546386718750000000000         1.28048830608284922929626944894806222      
   1.32999990321695804595947265625000000         1.29352212706591835539588956455156442      
   1.33999990299344062805175781250000000         1.30648039446641047259202309527399319      
   1.34999990276992321014404296875000000         1.31936014765706111513459238899119167      
   1.35999990254640579223632812500000000         1.33215843987956495262002250942959699      
   1.36999990232288837432861328125000000         1.34487233905157456553170620489981706      
   1.37999990209937095642089843750000000         1.35749892857969921197581119711630190      
   1.38999990187585353851318359375000000         1.37003530817850358561242979010310626      
   1.39999990165233612060546875000000000         1.38247859469550656478207079918574864      
   1.40999990142881870269775390625000000         1.39482592294217995282749380006916539      
   1.41999990120530128479003906250000000         1.40707444653094720961088569800176060      
   1.42999990098178386688232421875000000         1.41922133871818217422637961702555172      
   1.43999990075826644897460937500000000         1.43126379325320777890791610931241861      
   1.44999990053474903106689453125000000         1.44319902523329475413244668458644276      
   1.45999990031123161315917968750000000         1.45502427196466032491847965963235923      
   1.46999990008771419525146484375000000         1.46673679382946689831996832789009465      
   1.47999989986419677734375000000000000         1.47833387515882074211554144913541906      
   1.48999989964067935943603515625000000         1.48981282511177065469307605924669627      
   1.49999989941716194152832031250000000         1.50117097856030662612961260005773391      
   1.50999989919364452362060546875000000         1.51240569698035849046661236929674565      
   1.51999989897012710571289062500000000         1.52351436934879456918055729061141415      
   1.52999989874660968780517578125000000         1.53449441304642030584889200368005920      
   1.53999989852309226989746093750000000         1.54534327476697689201130827440891851      
   1.54999989829957485198974609375000000         1.55605843143213988422637172521553261      
   1.55999989807605743408203125000000000         1.56663739111251781232349088539823808      
   1.56999989785254001617431640625000000         1.57707769395465077885022856159177647      
   1.57999989762902259826660156250000000         1.58737691311400904971495552830900721      
   1.58999989740550518035888671875000000         1.59753265569399163602484653856873757      
   1.59999989718198776245117187500000000         1.60754256369092486711921865460966428      
   1.60999989695847034454345703125000000         1.61740431494506095479821189869042600      
   1.61999989673495292663574218750000000         1.62711562409757654874681222397577660      
   1.62999989651143550872802734375000000         1.63667424355357128315421680550886560      
   1.63999989628791809082031250000000000         1.64607796445106631452854165126964545      
   1.64999989606440067291259765625000000         1.65532461763600285070687153331938620      
   1.65999989584088325500488281250000000         1.66441207464324067106065223903131494      
   1.66999989561736583709716796875000000         1.67333824868355663789642514240737275      
   1.67999989539384841918945312500000000         1.68210109563664319905190409548109208      
   1.68999989517033100128173828125000000         1.69069861505010688168739463980659332      
   1.69999989494681358337402343750000000         1.69912885114446677727255553803370621      
   1.70999989472329616546630859375000000         1.70738989382415301776850262556921399      
   1.71999989449977874755859375000000000         1.71547987969450524300525498232421883      
   1.72999989427626132965087890625000000         1.72339699308477105925452342454763486      
   1.73999989405274391174316406250000000         1.73113946707710448899784131674580465      
   1.74999989382922649383544921875000000         1.73870558454156441189003770368824508      
   1.75999989360570907592773437500000000         1.74609367917711299691805276249951792      
   1.76999989338219165802001953125000000         1.75330213655861412575509557483723020      
   1.77999989315867424011230468750000000         1.76032939518983180731014421915616482      
   1.78999989293515682220458984375000000         1.76717394756242858347278818305853939      
   1.79999989271163940429687500000000000         1.77383434122096392605341309573039884      
   1.80999989248812198638916015625000000         1.78030917983389262491872778046413642      
   1.81999989226460456848144531250000000         1.78659712427056316732263362726715390      
   1.82999989204108715057373046875000000         1.79269689368421610843243628555664834      
   1.83999989181756973266601562500000000         1.79860726660098243305039967694054006      
   1.84999989159405231475830078125000000         1.80432708201488190853064232808453123      
   1.85999989137053489685058593750000000         1.80985524048882142889137602366530732      
   1.86999989114701747894287109375000000         1.81519070526159335012248677940986871      
   1.87999989092350006103515625000000000         1.82033250336087381668845813522100733      
   1.88999989069998264312744140625000000         1.82527972672222107922663676838892144      
   1.89999989047646522521972656250000000         1.83003153331407380344084042688896527      
   1.90999989025294780731201171875000000         1.83458714826874937019030818276554923      
   1.91999989002943038940429687500000000         1.83894586501944216677399300560217405      
   1.92999988980591297149658203125000000         1.84310704644322186941019665607761454      
   1.93999988958239555358886718750000000         1.84707012601003171691154689960824152      
   1.94999988935887813568115234375000000         1.85083460893768677555531704007649416      
   1.95999988913536071777343750000000000         1.85440007335287219514908777364549460      
   1.96999988891184329986572265625000000         1.85776617145814145629175136265981047      
   1.97999988868832588195800781250000000         1.86093263070491460882985812963236653      
   1.98999988846480846405029296875000000         1.86389925497247650150930527131750222      
   1.99999988824129104614257812500000000         1.86666592575297500282236799287018156      
   2.00999988801777362823486328125000000         1.86923260334241921305007296209135173      
   2.01999988779425621032714843750000000         1.87159932803767766749991408375945499      
   2.02999988757073879241943359375000000         1.87376622133947653093891059404808950      
   2.03999988734722137451171875000000000         1.87573348716139778322200747502982638      
   2.04999988712370395660400390625000000         1.87750141304487739611581818926618290      
   2.05999988690018653869628906250000000         1.87907037138020350131770973448374356      
   2.06999988667666912078857421875000000         1.88044082063351454967023001833644433      
   2.07999988645315170288085937500000000         1.88161330657979746157087755325401269      
   2.08999988622963428497314453125000000         1.88258846354188576857721347137656031      
   2.09999988600611686706542968750000000         1.88336701563545774620731585957533936      
   2.10999988578259944915771484375000000         1.88394977802003453793557641455966203      
   2.11999988555908203125000000000000000         1.88433765815597827038383941806996698      
   2.12999988533556461334228515625000000         1.88453165706749015970788303215706632      
   2.13999988511204719543457031250000000         1.88453287061160860917924291454753818      
   2.14999988488852977752685546875000000         1.88434249075320729796237815409529169      
   2.15999988466501235961914062500000000         1.88396180684599326108717952631929623      
   2.16999988444149494171142578125000000         1.88339220691950496061682006902746966      
   2.17999988421797752380371093750000000         1.88263517897211034801094797802674097      
   2.18999988399446010589599609375000000         1.88169231227000491768422182291927254      
   2.19999988377094268798828125000000000         1.88056529865220975176018808298485694      
   2.20999988354742527008056640625000000         1.87925593384156955602050100314947653      
   2.21999988332390785217285156250000000         1.87776611876175068704948477004003556      
   2.22999988310039043426513671875000000         1.87609786086023917057403800812526628      
   2.23999988287687301635742187500000000         1.87425327543733871099888059594280144      
   2.24999988265335559844970703125000000         1.87223458698116869213714280241241903      
   2.25999988242983818054199218750000000         1.87004413050866216913629674323546895      
   2.26999988220632076263427734375000000         1.86768435291256385159943015738046238      
   2.27999988198280334472656250000000000         1.86515781431442807790186250365484325      
   2.28999988175928592681884765625000000         1.86246718942361678070310337736293835      
   2.29999988153576850891113281250000000         1.85961526890229744365415324705007555      
   2.30999988131225109100341796875000000         1.85660496073644104930014651133289096      
   2.31999988108873367309570312500000000         1.85343929161282001817833687581580589      
   2.32999988086521625518798828125000000         1.85012140830200613911142505009368723      
   2.33999988064169883728027343750000000         1.84665457904736849069622876484069265      
   2.34999988041818141937255859375000000         1.84304219496007135398769510898529086      
   2.35999988019466400146484375000000000         1.83928777142007211637825518697146834      
   2.36999987997114658355712890625000000         1.83539494948311916667252109610611802      
   2.37999987974762916564941406250000000         1.83136749729374978135732522399261494      
   2.38999987952411174774169921875000000         1.82720931150428800206710186605057282      
   2.39999987930059432983398437500000000         1.82292441869984250424461116312179466      
   2.40999987907707691192626953125000000         1.81851697682930445699700535916239811      
   2.41999987885355949401855468750000000         1.81399127664234537414723737902114371      
   2.42999987863004207611083984375000000         1.80935174313241495648081172630394336      
   2.43999987840652465820312500000000000         1.80460293698573892518787770132455709      
   2.44999987818300724029541015625000000         1.79974955603631684650066493914148672      
   2.45999987795948982238769531250000000         1.79479643672691994752626126768106079      
   2.46999987773597240447998046875000000         1.78974855557608892327473288594670630      
   2.47999987751245498657226562500000000         1.78461103065113173488258686231442174      
   2.48999987728893756866455078125000000         1.77938912304712139903157595291443660      
   2.49999987706542015075683593750000000         1.77408823837189376856284574009907774      
   2.50999987684190273284912109375000000         1.76871392823704530428642409099681695      
   2.51999987661838531494140625000000000         1.76327189175493083798605293615253397      
   2.52999987639486789703369140625000000         1.75776797704166132661936236825395680      
   2.53999987617135047912597656250000000         1.75220818272610159771338706094432204      
   2.54999987594783306121826171875000000         1.74659865946486808595542500772122242      
   2.55999987572431564331054687500000000         1.74094571146332656097923858092165680      
   2.56999987550079822540283203125000000         1.73525579800258984634659791079328467      
   2.57999987527728080749511718750000000         1.72953553497251552972416658465188760      
   2.58999987505376338958740234375000000         1.72379169641070366425572966612502306      
   2.59999987483024597167968750000000000         1.71803121604749446112976403448189356      
   2.60999987460672855377197265625000000         1.71226118885696597334235104404941424      
   2.61999987438321113586425781250000000         1.70648887261393177065543150371449751      
   2.62999987415969371795654296875000000         1.70072168945693860575040297651252798      
   2.63999987393617630004882812500000000         1.69496722745726407157705939930206221      
   2.64999987371265888214111328125000000         1.68923324219391424989787302252572852      
   2.65999987348914146423339843750000000         1.68352765833462135102761867005734108      
   2.66999987326562404632568359375000000         1.67785857122284134476834031913522634      
   2.67999987304210662841796875000000000         1.67223424847075158253966000038174912      
   2.68999987281858921051025390625000000         1.66666313155824841070442901790907381      
   2.69999987259507179260253906250000000         1.66115383743794477508972148951111916      
   2.70999987237155437469482421875000000         1.65571516014616781670317020694173593      
   2.71999987214803695678710937500000000         1.65035607241995645864464481627910491      
   2.72999987192451953887939453125000000         1.64508572732005898421327231837634485      
   2.73999987170100212097167968750000000         1.63991345985993060620979988939833286      
   2.74999987147748470306396484375000000         1.63484878864073102743430002144476501      
   2.75999987125396728515625000000000000         1.62990141749232199237921798325940685      
   2.76999987103044986724853515625000000         1.62508123712026483011776160102558599      
   2.77999987080693244934082031250000000         1.62039832675881798838763335924790125      
   2.78999987058341503143310546875000000         1.61586295582993455887010482172014520      
   2.79999987035989761352539062500000000         1.61148558560825979366443337257946011      
   2.80999987013638019561767578125000000         1.60727687089212861295762127744671373      
   2.81999986991286277770996093750000000         1.60324766168056310388951706465309979      
   2.82999986968934535980224609375000000         1.59940900485627001061325922655296374      
   2.83999986946582794189453125000000000         1.59577214587463821555106224092286241      
   2.84999986924231052398681640625000000         1.59234853045873621184534491244683431      
   2.85999986901879310607910156250000000         1.58914980630030956700520103428791291      
   2.86999986879527568817138671875000000         1.58618782476677837774821236974587611      
   2.87999986857175827026367187500000000         1.58347464261423471603760395400120068      
   2.88999986834824085235595703125000000         1.58102252370644006631474171594527663      
   2.89999986812472343444824218750000000         1.57884394073982275392697242009682700      
   2.90999986790120601654052734375000000         1.57695157697447536475080592860458515      
   2.91999986767768859863281250000000000         1.57535832797115215601043978333619330      
   2.92999986745417118072509765625000000         1.57407730333426645829162610805333190      
   2.93999986723065376281738281250000000         1.57312182846088806875088083067309897      
   2.94999986700713634490966796875000000         1.57250544629574063552003522561561152      
   2.95999986678361892700195312500000000         1.57224191909219903330612977623785525      
   2.96999986656010150909423828125000000         1.57234523017928673018665035735377118      
   2.97999986633658409118652343750000000         1.57282958573467314560010673784057512      
   2.98999986611306667327880859375000000         1.57370941656367099953195340333132545      
   2.99999986588954925537109375000000000         1.57499937988423365289585269899372601      
