           1   13746458283.629713        1.4901161193834104E-009
           2   27492916566.259426        2.9802322387668207E-009
           3   41239374848.826630        4.4703483581434549E-009
           4   54985833131.518852        5.9604644775336415E-009
           5   68732291414.211075        7.4505805969238281E-009
           6   82478749696.653259        8.9406967162869097E-009
           7   96225207979.595520        1.0430812835704201E-008
           8   109971666262.03770        1.1920928955067283E-008
           9   123718124544.97998        1.3411045074484575E-008
          10   137464582827.42215        1.4901161193847656E-008
          11   151211041109.86432        1.6391277313210738E-008
          12   164957499392.30652        1.7881393432573819E-008
          13   178703957675.74887        1.9371509552045321E-008
          14   192450415958.19104        2.0861625671408403E-008
          15   206196874240.63324        2.2351741790771484E-008
          16   219943332523.07541        2.3841857910134566E-008
          17   233689790805.51758        2.5331974029497648E-008
          18   247436249088.95996        2.6822090148969149E-008
          19   261182707371.40213        2.8312206268332231E-008
          20   274929165653.84430        2.9802322387695312E-008
          21   288675623937.28668        3.1292438507166814E-008
          22   302422082218.72864        3.2782554626421476E-008
          23   316168540502.17102        3.4272670745892977E-008
          24   329914998783.61304        3.5762786865147639E-008
          25   343661457067.05536        3.7252902984619141E-008
          26   357407915350.49774        3.8743019104090642E-008
          27   371154373631.93976        4.0233135223345304E-008
          28   384900831915.38208        4.1723251342816806E-008
          29   398647290196.82410        4.3213367462071467E-008
          30   412393748480.26648        4.4703483581542969E-008
          31   426140206763.70880        4.6193599701014471E-008
          32   439886665045.15082        4.7683715820269132E-008
          33   453633123328.59320        4.9173831939740634E-008
          34   467379581610.03516        5.0663948058995295E-008
          35   481126039893.47754        5.2154064178466797E-008
          36   494872498176.91992        5.3644180297938299E-008
          37   508618956458.36188        5.5134296417192960E-008
          38   522365414741.80426        5.6624412536664462E-008
          39   536111873023.24628        5.8114528655919123E-008
          40   549858331306.68860        5.9604644775390625E-008
          41   563604789590.13098        6.1094760894862127E-008
          42   577351247873.57336        6.2584877014333629E-008
          43   591097706153.01501        6.4074993133371450E-008
          44   604844164436.45728        6.5565109252842951E-008
          45   618590622719.89966        6.7055225372314453E-008
          46   632337081003.34204        6.8545341491785955E-008
          47   646083539286.78442        7.0035457611257457E-008
          48   659829997566.22607        7.1525573730295278E-008
          49   673576455849.66846        7.3015689849766779E-008
          50   687322914133.11072        7.4505805969238281E-008
          51   701069372416.55310        7.5995922088709783E-008
          52   714815830699.99548        7.7486038208181285E-008
          53   728562288979.43713        7.8976154327219106E-008
          54   742308747262.87952        8.0466270446690608E-008
          55   756055205546.32190        8.1956386566162109E-008
          56   769801663829.76416        8.3446502685633611E-008
          57   783548122113.20654        8.4936618805105113E-008
          58   797294580392.64819        8.6426734924142934E-008
          59   811041038676.09058        8.7916851043614436E-008
          60   824787496959.53296        8.9406967163085938E-008
          61   838533955242.97534        9.0897083282557439E-008
          62   852280413526.41760        9.2387199402028941E-008
          63   866026871805.85925        9.3877315521066762E-008
          64   879773330089.30164        9.5367431640538264E-008
          65   893519788372.74402        9.6857547760009766E-008
          66   907266246656.18640        9.8347663879481267E-008
          67   921012704939.62878        9.9837779998952769E-008
          68   934759163219.07031        1.0132789611799059E-007
          69   948505621502.51270        1.0281801223746209E-007
          70   962252079785.95508        1.0430812835693359E-007
          71   975998538069.39746        1.0579824447640510E-007
          72   989744996352.83984        1.0728836059587660E-007
          73   1003491454632.2814        1.0877847671491442E-007
          74   1017237912915.7238        1.1026859283438592E-007
          75   1030984371199.1661        1.1175870895385742E-007
          76   1044730829482.6085        1.1324882507332892E-007
          77   1058477287766.0509        1.1473894119280043E-007
          78   1072223746045.4926        1.1622905731183825E-007
          79   1085970204328.9348        1.1771917343130975E-007
          80   1099716662612.3772        1.1920928955078125E-007
          81   1113463120891.8188        1.2069940566981907E-007
          82   1127209579179.2620        1.2218952178972425E-007
          83   1140956037458.7036        1.2367963790876207E-007
          84   1154702495746.1467        1.2516975402866726E-007
          85   1168448954025.5884        1.2665987014770508E-007
          86   1182195412305.0300        1.2814998626674290E-007
          87   1195941870592.4731        1.2964010238664808E-007
          88   1209688328871.9146        1.3113021850568590E-007
          89   1223434787159.3577        1.3262033462559109E-007
          90   1237181245438.7993        1.3411045074462891E-007
          91   1250927703718.2410        1.3560056686366673E-007
          92   1264674162005.6841        1.3709068298357191E-007
          93   1278420620285.1257        1.3858079910260973E-007
          94   1292167078572.5688        1.4007091522251491E-007
          95   1305913536852.0105        1.4156103134155273E-007
          96   1319659995131.4521        1.4305114746059056E-007
          97   1333406453418.8953        1.4454126358049574E-007
          98   1347152911698.3369        1.4603137969953356E-007
          99   1360899369985.7800        1.4752149581943874E-007
         100   1374645828265.2214        1.4901161193847656E-007
         101   1388392286544.6631        1.5050172805751438E-007
         102   1402138744832.1062        1.5199184417741957E-007
         103   1415885203111.5479        1.5348196029645739E-007
         104   1429631661398.9910        1.5497207641636257E-007
         105   1443378119678.4326        1.5646219253540039E-007
         106   1457124577957.8743        1.5795230865443821E-007
         107   1470871036245.3174        1.5944242477434339E-007
         108   1484617494524.7590        1.6093254089338122E-007
         109   1498363952812.2021        1.6242265701328640E-007
         110   1512110411091.6438        1.6391277313232422E-007
         111   1525856869371.0852        1.6540288925136204E-007
         112   1539603327658.5283        1.6689300537126722E-007
         113   1553349785937.9700        1.6838312149030504E-007
         114   1567096244225.4131        1.6987323761021023E-007
         115   1580842702504.8547        1.7136335372924805E-007
         116   1594589160784.2964        1.7285346984828587E-007
         117   1608335619071.7395        1.7434358596819105E-007
         118   1622082077351.1812        1.7583370208722887E-007
         119   1635828535638.6243        1.7732381820713405E-007
         120   1649574993918.0659        1.7881393432617188E-007
         121   1663321452197.5076        1.8030405044520970E-007
         122   1677067910484.9507        1.8179416656511488E-007
         123   1690814368764.3921        1.8328428268415270E-007
         124   1704560827051.8352        1.8477439880405788E-007
         125   1718307285331.2769        1.8626451492309570E-007
         126   1732053743610.7185        1.8775463104213352E-007
         127   1745800201898.1616        1.8924474716203871E-007
         128   1759546660177.6033        1.9073486328107653E-007
         129   1773293118465.0464        1.9222497940098171E-007
         130   1787039576744.4880        1.9371509552001953E-007
         131   1800786035023.9297        1.9520521163905735E-007
         132   1814532493311.3728        1.9669532775896253E-007
         133   1828278951590.8145        1.9818544387800036E-007
         134   1842025409878.2576        1.9967555999790554E-007
         135   1855771868157.6990        2.0116567611694336E-007
         136   1869518326437.1406        2.0265579223598118E-007
         137   1883264784724.5837        2.0414590835588636E-007
         138   1897011243004.0254        2.0563602447492418E-007
         139   1910757701291.4685        2.0712614059482937E-007
         140   1924504159570.9102        2.0861625671386719E-007
         141   1938250617850.3518        2.1010637283290501E-007
         142   1951997076137.7949        2.1159648895281019E-007
         143   1965743534417.2366        2.1308660507184801E-007
         144   1979489992704.6797        2.1457672119175319E-007
         145   1993236450984.1213        2.1606683731079102E-007
         146   2006982909263.5627        2.1755695342982884E-007
         147   2020729367551.0059        2.1904706954973402E-007
         148   2034475825830.4475        2.2053718566877184E-007
         149   2048222284117.8906        2.2202730178867702E-007
         150   2061968742397.3323        2.2351741790771484E-007
         151   2075715200676.7739        2.2500753402675266E-007
         152   2089461658964.2170        2.2649765014665785E-007
         153   2103208117243.6587        2.2798776626569567E-007
         154   2116954575531.1018        2.2947788238560085E-007
         155   2130701033810.5435        2.3096799850463867E-007
         156   2144447492089.9851        2.3245811462367649E-007
         157   2158193950377.4282        2.3394823074358168E-007
         158   2171940408656.8696        2.3543834686261950E-007
         159   2185686866944.3127        2.3692846298252468E-007
         160   2199433325223.7544        2.3841857910156250E-007
         161   2213179783503.1963        2.3990869522060032E-007
         162   2226926241782.6377        2.4139881133963814E-007
         163   2240672700078.0825        2.4288892746041069E-007
         164   2254419158357.5239        2.4437904357944851E-007
         165   2268165616636.9653        2.4586915969848633E-007
         166   2281912074916.4072        2.4735927581752415E-007
         167   2295658533195.8486        2.4884939193656197E-007
         168   2309404991491.2935        2.5033950805733451E-007
         169   2323151449770.7349        2.5182962417637234E-007
         170   2336897908050.1768        2.5331974029541016E-007
         171   2350644366329.6182        2.5480985641444798E-007
         172   2364390824609.0601        2.5629997253348580E-007
         173   2378137282904.5044        2.5779008865425834E-007
         174   2391883741183.9463        2.5928020477329616E-007
         175   2405630199463.3877        2.6077032089233398E-007
         176   2419376657742.8291        2.6226043701137181E-007
         177   2433123116022.2710        2.6375055313040963E-007
         178   2446869574317.7153        2.6524066925118217E-007
         179   2460616032597.1572        2.6673078537021999E-007
         180   2474362490876.5986        2.6822090148925781E-007
         181   2488108949156.0405        2.6971101760829563E-007
         182   2501855407435.4819        2.7120113372733345E-007
         183   2515601865730.9268        2.7269124984810600E-007
         184   2529348324010.3682        2.7418136596714382E-007
         185   2543094782289.8101        2.7567148208618164E-007
         186   2556841240569.2515        2.7716159820521946E-007
         187   2570587698848.6929        2.7865171432425728E-007
         188   2584334157144.1377        2.8014183044502983E-007
         189   2598080615423.5791        2.8163194656406765E-007
         190   2611827073703.0210        2.8312206268310547E-007
         191   2625573531982.4624        2.8461217880214329E-007
         192   2639319990261.9043        2.8610229492118111E-007
         193   2653066448557.3486        2.8759241104195366E-007
         194   2666812906836.7905        2.8908252716099148E-007
         195   2680559365116.2319        2.9057264328002930E-007
         196   2694305823395.6738        2.9206275939906712E-007
         197   2708052281675.1152        2.9355287551810494E-007
         198   2721798739970.5601        2.9504299163887748E-007
         199   2735545198250.0015        2.9653310775791530E-007
         200   2749291656529.4429        2.9802322387695312E-007
         201   2763038114808.8848        2.9951333999599095E-007
         202   2776784573088.3262        3.0100345611502877E-007
         203   2790531031383.7710        3.0249357223580131E-007
         204   2804277489663.2124        3.0398368835483913E-007
         205   2818023947942.6543        3.0547380447387695E-007
         206   2831770406222.0957        3.0696392059291477E-007
         207   2845516864501.5376        3.0845403671195259E-007
         208   2859263322796.9819        3.0994415283272514E-007
         209   2873009781076.4238        3.1143426895176296E-007
         210   2886756239355.8652        3.1292438507080078E-007
         211   2900502697635.3066        3.1441450118983860E-007
         212   2914249155914.7485        3.1590461730887642E-007
         213   2927995614210.1929        3.1739473342964897E-007
         214   2941742072489.6348        3.1888484954868679E-007
         215   2955488530769.0762        3.2037496566772461E-007
         216   2969234989048.5181        3.2186508178676243E-007
         217   2982981447327.9595        3.2335519790580025E-007
         218   2996727905623.4043        3.2484531402657280E-007
         219   3010474363902.8457        3.2633543014561062E-007
         220   3024220822182.2876        3.2782554626464844E-007
         221   3037967280461.7290        3.2931566238368626E-007
         222   3051713738741.1704        3.3080577850272408E-007
         223   3065460197036.6152        3.3229589462349662E-007
         224   3079206655316.0566        3.3378601074253444E-007
         225   3092953113595.4985        3.3527612686157227E-007
         226   3106699571874.9399        3.3676624298061009E-007
         227   3120446030154.3818        3.3825635909964791E-007
         228   3134192488449.8262        3.3974647522042045E-007
         229   3147938946729.2681        3.4123659133945827E-007
         230   3161685405008.7095        3.4272670745849609E-007
         231   3175431863288.1514        3.4421682357753391E-007
         232   3189178321567.5928        3.4570693969657174E-007
         233   3202924779863.0376        3.4719705581734428E-007
         234   3216671238142.4790        3.4868717193638210E-007
         235   3230417696421.9204        3.5017728805541992E-007
         236   3244164154701.3623        3.5166740417445774E-007
         237   3257910612980.8037        3.5315752029349556E-007
         238   3271657071276.2485        3.5464763641426811E-007
         239   3285403529555.6899        3.5613775253330593E-007
         240   3299149987835.1318        3.5762786865234375E-007
         241   3312896446114.5732        3.5911798477138157E-007
         242   3326642904394.0151        3.6060810089041939E-007
         243   3340389362689.4595        3.6209821701119194E-007
         244   3354135820968.9014        3.6358833313022976E-007
         245   3367882279248.3428        3.6507844924926758E-007
         246   3381628737527.7842        3.6656856536830540E-007
         247   3395375195807.2261        3.6805868148734322E-007
         248   3409121654102.6704        3.6954879760811576E-007
         249   3422868112382.1123        3.7103891372715359E-007
         250   3436614570661.5537        3.7252902984619141E-007
         251   3450361028940.9956        3.7401914596522923E-007
         252   3464107487220.4370        3.7550926208426705E-007
         253   3477853945515.8818        3.7699937820503959E-007
         254   3491600403795.3232        3.7848949432407741E-007
         255   3505346862074.7651        3.7997961044311523E-007
         256   3519093320354.2065        3.8146972656215306E-007
         257   3532839778633.6479        3.8295984268119088E-007
         258   3546586236929.0928        3.8444995880196342E-007
         259   3560332695208.5342        3.8594007492100124E-007
         260   3574079153487.9761        3.8743019104003906E-007
         261   3587825611767.4175        3.8892030715907688E-007
         262   3601572070046.8594        3.9041042327811470E-007
         263   3615318528342.3037        3.9190053939888725E-007
         264   3629064986621.7456        3.9339065551792507E-007
         265   3642811444901.1870        3.9488077163696289E-007
         266   3656557903180.6289        3.9637088775600071E-007
         267   3670304361460.0703        3.9786100387503853E-007
         268   3684050819755.5151        3.9935111999581108E-007
         269   3697797278034.9565        4.0084123611484890E-007
         270   3711543736314.3979        4.0233135223388672E-007
         271   3725290194593.8398        4.0382146835292454E-007
         272   3739036652873.2812        4.0531158447196236E-007
         273   3752783111168.7261        4.0680170059273491E-007
         274   3766529569448.1675        4.0829181671177273E-007
         275   3780276027727.6094        4.0978193283081055E-007
         276   3794022486007.0508        4.1127204894984837E-007
         277   3807768944286.4927        4.1276216506888619E-007
         278   3821515402581.9370        4.1425228118965873E-007
         279   3835261860861.3789        4.1574239730869655E-007
         280   3849008319140.8203        4.1723251342773438E-007
         281   3862754777420.2617        4.1872262954677220E-007
         282   3876501235699.7036        4.2021274566581002E-007
         283   3890247693995.1479        4.2170286178658256E-007
         284   3903994152274.5898        4.2319297790562038E-007
         285   3917740610554.0312        4.2468309402465820E-007
         286   3931487068833.4731        4.2617321014369602E-007
         287   3945233527112.9146        4.2766332626273384E-007
         288   3958979985408.3594        4.2915344238350639E-007
         289   3972726443687.8008        4.3064355850254421E-007
         290   3986472901967.2427        4.3213367462158203E-007
         291   4000219360246.6841        4.3362379074061985E-007
         292   4013965818526.1255        4.3511390685965767E-007
         293   4027712276821.5703        4.3660402298043022E-007
         294   4041458735101.0117        4.3809413909946804E-007
         295   4055205193380.4536        4.3958425521850586E-007
         296   4068951651659.8950        4.4107437133754368E-007
         297   4082698109939.3369        4.4256448745658150E-007
         298   4096444568234.7812        4.4405460357735405E-007
         299   4110191026514.2231        4.4554471969639187E-007
         300   4123937484793.6646        4.4703483581542969E-007
         301   4137683943073.1064        4.4852495193446751E-007
         302   4151430401352.5479        4.5001506805350533E-007
         303   4165176859647.9927        4.5150518417427787E-007
         304   4178923317927.4341        4.5299530029331569E-007
         305   4192669776206.8755        4.5448541641235352E-007
         306   4206416234486.3174        4.5597553253139134E-007
         307   4220162692765.7588        4.5746564865042916E-007
         308   4233909151061.2036        4.5895576477120170E-007
         309   4247655609340.6450        4.6044588089023952E-007
         310   4261402067620.0869        4.6193599700927734E-007
         311   4275148525899.5283        4.6342611312831516E-007
         312   4288894984178.9702        4.6491622924735299E-007
         313   4302641442474.4146        4.6640634536812553E-007
         314   4316387900753.8564        4.6789646148716335E-007
         315   4330134359033.2979        4.6938657760620117E-007
         316   4343880817312.7393        4.7087669372523899E-007
         317   4357627275592.1812        4.7236680984427681E-007
         318   4371373733887.6255        4.7385692596504936E-007
         319   4385120192167.0674        4.7534704208408718E-007
         320   4398866650446.5088        4.7683715820312500E-007
         321   4412613108741.9531        4.7832727432389754E-007
         322   4426359567005.3926        4.7981739044120064E-007
         323   4440106025300.8369        4.8130750656197319E-007
         324   4453852483564.2754        4.8279762267927628E-007
         325   4467598941859.7197        4.8428773880004883E-007
         326   4481345400155.1650        4.8577785492082137E-007
         327   4495091858418.6035        4.8726797103812447E-007
         328   4508838316714.0479        4.8875808715889701E-007
         329   4522584774977.4863        4.9024820327620011E-007
         330   4536331233272.9307        4.9173831939697266E-007
         331   4550077691568.3760        4.9322843551774520E-007
         332   4563824149831.8145        4.9471855163504830E-007
         333   4577570608127.2588        4.9620866775582084E-007
         334   4591317066390.6973        4.9769878387312394E-007
         335   4605063524686.1426        4.9918889999389648E-007
         336   4618809982981.5869        5.0067901611466903E-007
         337   4632556441245.0254        5.0216913223197213E-007
         338   4646302899540.4697        5.0365924835274467E-007
         339   4660049357803.9082        5.0514936447004777E-007
         340   4673795816099.3535        5.0663948059082031E-007
         341   4687542274394.7979        5.0812959671159286E-007
         342   4701288732658.2363        5.0961971282889595E-007
         343   4715035190953.6807        5.1110982894966850E-007
         344   4728781649217.1201        5.1259994506697160E-007
         345   4742528107512.5645        5.1409006118774414E-007
         346   4756274565808.0088        5.1558017730851669E-007
         347   4770021024071.4473        5.1707029342581978E-007
         348   4783767482366.8926        5.1856040954659233E-007
         349   4797513940630.3311        5.2005052566389542E-007
         350   4811260398925.7754        5.2154064178466797E-007
         351   4825006857221.2197        5.2303075790544051E-007
         352   4838753315484.6582        5.2452087402274361E-007
         353   4852499773780.1035        5.2601099014351616E-007
         354   4866246232043.5420        5.2750110626081925E-007
         355   4879992690338.9863        5.2899122238159180E-007
         356   4893739148634.4307        5.3048133850236434E-007
         357   4907485606897.8701        5.3197145461966744E-007
         358   4921232065193.3145        5.3346157074043998E-007
         359   4934978523456.7529        5.3495168685774308E-007
         360   4948724981752.1973        5.3644180297851562E-007
         361   4962471440047.6426        5.3793191909928817E-007
         362   4976217898311.0811        5.3942203521659127E-007
         363   4989964356606.5254        5.4091215133736381E-007
         364   5003710814869.9639        5.4240226745466691E-007
         365   5017457273165.4082        5.4389238357543945E-007
         366   5031203731460.8535        5.4538249969621200E-007
         367   5044950189724.2920        5.4687261581351509E-007
         368   5058696648019.7363        5.4836273193428764E-007
         369   5072443106283.1748        5.4985284805159074E-007
         370   5086189564578.6201        5.5134296417236328E-007
         371   5099936022874.0645        5.5283308029313583E-007
         372   5113682481137.5029        5.5432319641043892E-007
         373   5127428939432.9473        5.5581331253121147E-007
         374   5141175397696.3857        5.5730342864851456E-007
         375   5154921855991.8311        5.5879354476928711E-007
         376   5168668314287.2754        5.6028366089005965E-007
         377   5182414772550.7139        5.6177377700736275E-007
         378   5196161230846.1582        5.6326389312813530E-007
         379   5209907689109.5977        5.6475400924543839E-007
         380   5223654147405.0420        5.6624412536621094E-007
         381   5237400605700.4863        5.6773424148698348E-007
         382   5251147063963.9248        5.6922435760428658E-007
         383   5264893522259.3701        5.7071447372505912E-007
         384   5278639980522.8086        5.7220458984236222E-007
         385   5292386438818.2529        5.7369470596313477E-007
         386   5306132897113.6973        5.7518482208390731E-007
         387   5319879355377.1357        5.7667493820121041E-007
         388   5333625813672.5811        5.7816505432198295E-007
         389   5347372271936.0195        5.7965517043928605E-007
         390   5361118730231.4639        5.8114528656005859E-007
         391   5374865188526.9082        5.8263540268083114E-007
         392   5388611646790.3477        5.8412551879813424E-007
         393   5402358105085.7920        5.8561563491890678E-007
         394   5416104563349.2305        5.8710575103620988E-007
         395   5429851021644.6748        5.8859586715698242E-007
         396   5443597479940.1201        5.9008598327775497E-007
         397   5457343938203.5586        5.9157609939505806E-007
         398   5471090396499.0029        5.9306621551583061E-007
         399   5484836854762.4414        5.9455633163313371E-007
         400   5498583313057.8857        5.9604644775390625E-007
         401   5512329771353.3311        5.9753656387467879E-007
         402   5526076229616.7695        5.9902667999198189E-007
         403   5539822687912.2139        6.0051679611275444E-007
         404   5553569146175.6523        6.0200691223005753E-007
         405   5567315604471.0977        6.0349702835083008E-007
         406   5581062062766.5420        6.0498714447160262E-007
         407   5594808521029.9805        6.0647726058890572E-007
         408   5608554979325.4248        6.0796737670967826E-007
         409   5622301437588.8633        6.0945749282698136E-007
         410   5636047895884.3086        6.1094760894775391E-007
         411   5649794354179.7529        6.1243772506852645E-007
         412   5663540812443.1914        6.1392784118582955E-007
         413   5677287270738.6357        6.1541795730660209E-007
         414   5691033729002.0752        6.1690807342390519E-007
         415   5704780187297.5195        6.1839818954467773E-007
         416   5718526645592.9639        6.1988830566545028E-007
         417   5732273103856.4023        6.2137842178275338E-007
         418   5746019562151.8477        6.2286853790352592E-007
         419   5759766020415.2861        6.2435865402082902E-007
         420   5773512478710.7305        6.2584877014160156E-007
         421   5787258937006.1748        6.2733888626237411E-007
         422   5801005395269.6133        6.2882900237967720E-007
         423   5814751853565.0586        6.3031911850044975E-007
         424   5828498311828.4971        6.3180923461775285E-007
         425   5842244770123.9414        6.3329935073852539E-007
         426   5855991228419.3857        6.3478946685929794E-007
         427   5869737686682.8252        6.3627958297660103E-007
         428   5883484144978.2695        6.3776969909737358E-007
         429   5897230603241.7080        6.3925981521467667E-007
         430   5910977061537.1523        6.4074993133544922E-007
         431   5924723519832.5977        6.4224004745622176E-007
         432   5938469978096.0361        6.4373016357352486E-007
         433   5952216436391.4805        6.4522027969429741E-007
         434   5965962894654.9189        6.4671039581160050E-007
         435   5979709352950.3633        6.4820051193237305E-007
         436   5993455811245.8086        6.4969062805314559E-007
         437   6007202269509.2471        6.5118074417044869E-007
         438   6020948727804.6914        6.5267086029122123E-007
         439   6034695186068.1299        6.5416097640852433E-007
         440   6048441644363.5752        6.5565109252929688E-007
         441   6062188102659.0195        6.5714120865006942E-007
         442   6075934560922.4580        6.5863132476737252E-007
         443   6089681019217.9023        6.6012144088814506E-007
         444   6103427477481.3408        6.6161155700544816E-007
         445   6117173935776.7861        6.6310167312622070E-007
         446   6130920394072.2305        6.6459178924699325E-007
         447   6144666852335.6689        6.6608190536429634E-007
         448   6158413310631.1133        6.6757202148506889E-007
         449   6172159768894.5527        6.6906213760237199E-007
         450   6185906227189.9971        6.7055225372314453E-007
         451   6199652685485.4414        6.7204236984391708E-007
         452   6213399143748.8799        6.7353248596122017E-007
         453   6227145602044.3252        6.7502260208199272E-007
         454   6240892060307.7637        6.7651271819929581E-007
         455   6254638518603.2080        6.7800283432006836E-007
         456   6268384976898.6523        6.7949295044084090E-007
         457   6282131435162.0908        6.8098306655814400E-007
         458   6295877893457.5361        6.8247318267891655E-007
         459   6309624351720.9746        6.8396329879621964E-007
         460   6323370810016.4189        6.8545341491699219E-007
         461   6337117268311.8633        6.8694353103776473E-007
         462   6350863726575.3027        6.8843364715506783E-007
         463   6364610184870.7471        6.8992376327584037E-007
         464   6378356643134.1855        6.9141387939314347E-007
         465   6392103101429.6299        6.9290399551391602E-007
         466   6405849559725.0752        6.9439411163468856E-007
         467   6419596017988.5137        6.9588422775199166E-007
         468   6433342476283.9580        6.9737434387276420E-007
         469   6447088934547.3965        6.9886445999006730E-007
         470   6460835392842.8408        7.0035457611083984E-007
         471   6474581851138.2861        7.0184469223161239E-007
         472   6488328309401.7246        7.0333480834891549E-007
         473   6502074767697.1689        7.0482492446968803E-007
         474   6515821225960.6074        7.0631504058699113E-007
         475   6529567684256.0527        7.0780515670776367E-007
         476   6543314142551.4971        7.0929527282853622E-007
         477   6557060600814.9355        7.1078538894583931E-007
         478   6570807059110.3799        7.1227550506661186E-007
         479   6584553517373.8184        7.1376562118391496E-007
         480   6598299975669.2637        7.1525573730468750E-007
         481   6612046433964.7080        7.1674585342546004E-007
         482   6625792892228.1465        7.1823596954276314E-007
         483   6639539350523.5908        7.1972608566353569E-007
         484   6653285808787.0303        7.2121620178083878E-007
         485   6667032267082.4746        7.2270631790161133E-007
         486   6680778725377.9189        7.2419643402238387E-007
         487   6694525183641.3574        7.2568655013968697E-007
         488   6708271641936.8027        7.2717666626045951E-007
         489   6722018100200.2412        7.2866678237776261E-007
         490   6735764558495.6855        7.3015689849853516E-007
         491   6749511016791.1299        7.3164701461930770E-007
         492   6763257475054.5684        7.3313713073661080E-007
         493   6777003933350.0137        7.3462724685738334E-007
         494   6790750391613.4521        7.3611736297468644E-007
         495   6804496849908.8965        7.3760747909545898E-007
         496   6818243308204.3408        7.3909759521623153E-007
         497   6831989766467.7803        7.4058771133353463E-007
         498   6845736224763.2246        7.4207782745430717E-007
         499   6859482683026.6631        7.4356794357161027E-007
         500   6873229141322.1074        7.4505805969238281E-007
         501   6886975599617.5527        7.4654817581315536E-007
         502   6900722057880.9912        7.4803829193045845E-007
         503   6914468516176.4355        7.4952840805123100E-007
         504   6928214974439.8740        7.5101852416853410E-007
         505   6941961432735.3184        7.5250864028930664E-007
         506   6955707891030.7637        7.5399875641007919E-007
         507   6969454349294.2021        7.5548887252738228E-007
         508   6983200807589.6465        7.5697898864815483E-007
         509   6996947265853.0850        7.5846910476545792E-007
         510   7010693724148.5303        7.5995922088623047E-007
         511   7024440182443.9746        7.6144933700700301E-007
         512   7038186640707.4131        7.6293945312430611E-007
         513   7051933099002.8574        7.6442956924507866E-007
         514   7065679557266.2959        7.6591968536238175E-007
         515   7079426015561.7412        7.6740980148315430E-007
         516   7093172473857.1855        7.6889991760392684E-007
         517   7106918932120.6240        7.7039003372122994E-007
         518   7120665390416.0684        7.7188014984200248E-007
         519   7134411848679.5078        7.7337026595930558E-007
         520   7148158306974.9521        7.7486038208007812E-007
         521   7161904765270.3965        7.7635049820085067E-007
         522   7175651223533.8350        7.7784061431815377E-007
         523   7189397681829.2803        7.7933073043892631E-007
         524   7203144140092.7188        7.8082084655622941E-007
         525   7216890598388.1631        7.8231096267700195E-007
         526   7230637056683.6074        7.8380107879777450E-007
         527   7244383514947.0459        7.8529119491507759E-007
         528   7258129973242.4912        7.8678131103585014E-007
         529   7271876431505.9297        7.8827142715315324E-007
         530   7285622889801.3740        7.8976154327392578E-007
         531   7299369348096.8184        7.9125165939469833E-007
         532   7313115806360.2578        7.9274177551200142E-007
         533   7326862264655.7021        7.9423189163277397E-007
         534   7340608722919.1406        7.9572200775007706E-007
         535   7354355181214.5850        7.9721212387084961E-007
         536   7368101639510.0303        7.9870223999162215E-007
         537   7381848097773.4688        8.0019235610892525E-007
         538   7395594556068.9131        8.0168247222969780E-007
         539   7409341014332.3516        8.0317258834700089E-007
         540   7423087472627.7959        8.0466270446777344E-007
         541   7436833930923.2412        8.0615282058854598E-007
         542   7450580389186.6797        8.0764293670584908E-007
         543   7464326847482.1240        8.0913305282662162E-007
         544   7478073305745.5625        8.1062316894392472E-007
         545   7491819764041.0078        8.1211328506469727E-007
         546   7505566222336.4521        8.1360340118546981E-007
         547   7519312680599.8906        8.1509351730277291E-007
         548   7533059138895.3350        8.1658363342354545E-007
         549   7546805597158.7734        8.1807374954084855E-007
         550   7560552055454.2188        8.1956386566162109E-007
         551   7574298513749.6631        8.2105398178239364E-007
         552   7588044972013.1016        8.2254409789969674E-007
         553   7601791430308.5459        8.2403421402046928E-007
         554   7615537888571.9854        8.2552433013777238E-007
         555   7629284346867.4297        8.2701444625854492E-007
         556   7643030805162.8740        8.2850456237931747E-007
         557   7656777263426.3125        8.2999467849662056E-007
         558   7670523721721.7578        8.3148479461739311E-007
         559   7684270179985.1963        8.3297491073469621E-007
         560   7698016638280.6406        8.3446502685546875E-007
         561   7711763096576.0850        8.3595514297624129E-007
         562   7725509554839.5234        8.3744525909354439E-007
         563   7739256013134.9688        8.3893537521431694E-007
         564   7753002471398.4072        8.4042549133162003E-007
         565   7766748929693.8516        8.4191560745239258E-007
         566   7780495387989.2959        8.4340572357316512E-007
         567   7794241846252.7354        8.4489583969046822E-007
         568   7807988304548.1797        8.4638595581124076E-007
         569   7821734762811.6182        8.4787607192854386E-007
         570   7835481221107.0625        8.4936618804931641E-007
         571   7849227679402.5078        8.5085630417008895E-007
         572   7862974137665.9463        8.5234642028739205E-007
         573   7876720595961.3906        8.5383653640816459E-007
         574   7890467054224.8291        8.5532665252546769E-007
         575   7904213512520.2734        8.5681676864624023E-007
         576   7917959970815.7188        8.5830688476701278E-007
         577   7931706429079.1572        8.5979700088431588E-007
         578   7945452887374.6016        8.6128711700508842E-007
         579   7959199345638.0400        8.6277723312239152E-007
         580   7972945803933.4854        8.6426734924316406E-007
         581   7986692262228.9297        8.6575746536393661E-007
         582   8000438720492.3682        8.6724758148123970E-007
         583   8014185178787.8125        8.6873769760201225E-007
         584   8027931637051.2510        8.7022781371931535E-007
         585   8041678095346.6963        8.7171792984008789E-007
         586   8055424553642.1406        8.7320804596086044E-007
         587   8069171011905.5791        8.7469816207816353E-007
         588   8082917470201.0234        8.7618827819893608E-007
         589   8096663928464.4629        8.7767839431623917E-007
         590   8110410386759.9072        8.7916851043701172E-007
         591   8124156845055.3516        8.8065862655778426E-007
         592   8137903303318.7900        8.8214874267508736E-007
         593   8151649761614.2354        8.8363885879585991E-007
         594   8165396219877.6738        8.8512897491316300E-007
         595   8179142678173.1182        8.8661909103393555E-007
         596   8192889136468.5625        8.8810920715470809E-007
         597   8206635594732.0010        8.8959932327201119E-007
         598   8220382053027.4463        8.9108943939278373E-007
         599   8234128511290.8848        8.9257955551008683E-007
         600   8247874969586.3291        8.9406967163085938E-007
         601   8261621427881.7734        8.9555978775163192E-007
         602   8275367886145.2129        8.9704990386893502E-007
         603   8289114344440.6572        8.9854001998970756E-007
         604   8302860802704.0957        9.0003013610701066E-007
         605   8316607260999.5400        9.0152025222778320E-007
         606   8330353719294.9854        9.0301036834855575E-007
         607   8344100177558.4238        9.0450048446585884E-007
         608   8357846635853.8682        9.0599060058663139E-007
         609   8371593094117.3066        9.0748071670393449E-007
         610   8385339552412.7510        9.0897083282470703E-007
         611   8399086010708.1963        9.1046094894547958E-007
         612   8412832468971.6348        9.1195106506278267E-007
         613   8426578927267.0791        9.1344118118355522E-007
         614   8440325385530.5176        9.1493129730085831E-007
         615   8454071843825.9629        9.1642141342163086E-007
         616   8467818302121.4072        9.1791152954240340E-007
         617   8481564760384.8457        9.1940164565970650E-007
         618   8495311218680.2900        9.2089176178047905E-007
         619   8509057676943.7285        9.2238187789778214E-007
         620   8522804135239.1738        9.2387199401855469E-007
         621   8536550593534.6182        9.2536211013932723E-007
         622   8550297051798.0566        9.2685222625663033E-007
         623   8564043510093.5010        9.2834234237740287E-007
         624   8577789968356.9404        9.2983245849470597E-007
         625   8591536426652.3848        9.3132257461547852E-007
         626   8605282884947.8291        9.3281269073625106E-007
         627   8619029343211.2676        9.3430280685355416E-007
         628   8632775801506.7129        9.3579292297432670E-007
         629   8646522259770.1514        9.3728303909162980E-007
         630   8660268718065.5957        9.3877315521240234E-007
         631   8674015176361.0400        9.4026327133317489E-007
         632   8687761634624.4785        9.4175338745047799E-007
         633   8701508092919.9238        9.4324350357125053E-007
         634   8715254551183.3623        9.4473361968855363E-007
         635   8729001009478.8066        9.4622373580932617E-007
         636   8742747467774.2510        9.4771385193009872E-007
         637   8756493926037.6904        9.4920396804740181E-007
         638   8770240384333.1348        9.5069408416817436E-007
         639   8783986842596.5732        9.5218420028547746E-007
         640   8797733300892.0176        9.5367431640625000E-007
         641   8811479759187.4629        9.5516443252702254E-007
         642   8825226217482.9062        9.5665454864779509E-007
         643   8838972675714.3398        9.5814466476162874E-007
         644   8852719134009.7852        9.5963478088240128E-007
         645   8866465592305.2285        9.6112489700317383E-007
         646   8880212050600.6738        9.6261501312394637E-007
         647   8893958508896.1191        9.6410512924471892E-007
         648   8907704967127.5508        9.6559524535855257E-007
         649   8921451425422.9961        9.6708536147932511E-007
         650   8935197883718.4395        9.6857547760009766E-007
         651   8948944342013.8848        9.7006559372087020E-007
         652   8962690800309.3301        9.7155570984164275E-007
         653   8976437258540.7617        9.7304582595547640E-007
         654   8990183716836.2070        9.7453594207624894E-007
         655   9003930175131.6504        9.7602605819702148E-007
         656   9017676633427.0957        9.7751617431779403E-007
         657   9031423091722.5410        9.7900629043856657E-007
         658   9045169549953.9727        9.8049640655240022E-007
         659   9058916008249.4180        9.8198652267317277E-007
         660   9072662466544.8613        9.8347663879394531E-007
         661   9086408924840.3066        9.8496675491471786E-007
         662   9100155383135.7520        9.8645687103549040E-007
         663   9113901841367.1836        9.8794698714932405E-007
         664   9127648299662.6289        9.8943710327009660E-007
         665   9141394757958.0742        9.9092721939086914E-007
         666   9155141216253.5176        9.9241733551164169E-007
         667   9168887674548.9629        9.9390745163241423E-007
         668   9182634132780.3945        9.9539756774624788E-007
         669   9196380591075.8398        9.9688768386702042E-007
         670   9210127049371.2852        9.9837779998779297E-007
         671   9223873507666.7285        9.9986791610856551E-007
         672   9237619965962.1738        1.0013580322293381E-006
         673   9251366424193.6055        1.0028481483431717E-006
         674   9265112882489.0508        1.0043382644639443E-006
         675   9278859340784.4961        1.0058283805847168E-006
         676   9292605799079.9395        1.0073184967054893E-006
         677   9306352257375.3848        1.0088086128262619E-006
         678   9320098715606.8164        1.0102987289400955E-006
         679   9333845173902.2617        1.0117888450608681E-006
         680   9347591632197.7070        1.0132789611816406E-006
         681   9361338090493.1504        1.0147690773024132E-006
         682   9375084548788.5957        1.0162591934231857E-006
         683   9388831007020.0293        1.0177493095370194E-006
         684   9402577465315.4727        1.0192394256577919E-006
         685   9416323923610.9180        1.0207295417785645E-006
         686   9430070381906.3613        1.0222196578993370E-006
         687   9443816840201.8066        1.0237097740201095E-006
         688   9457563298433.2402        1.0251998901339432E-006
         689   9471309756728.6836        1.0266900062547157E-006
         690   9485056215024.1289        1.0281801223754883E-006
         691   9498802673319.5742        1.0296702384962608E-006
         692   9512549131615.0176        1.0311603546170334E-006
         693   9526295589846.4512        1.0326504707308670E-006
         694   9540042048141.8945        1.0341405868516396E-006
         695   9553788506437.3398        1.0356307029724121E-006
         696   9567534964732.7852        1.0371208190931847E-006
         697   9581281423028.2285        1.0386109352139572E-006
         698   9595027881259.6621        1.0401010513277908E-006
         699   9608774339555.1055        1.0415911674485634E-006
         700   9622520797850.5508        1.0430812835693359E-006
         701   9636267256145.9961        1.0445713996901085E-006
         702   9650013714441.4395        1.0460615158108810E-006
         703   9663760172672.8730        1.0475516319247147E-006
         704   9677506630968.3164        1.0490417480454872E-006
         705   9691253089263.7617        1.0505318641662598E-006
         706   9704999547559.2070        1.0520219802870323E-006
         707   9718746005854.6504        1.0535120964078049E-006
         708   9732492464086.0840        1.0550022125216385E-006
         709   9746238922381.5293        1.0564923286424110E-006
         710   9759985380676.9727        1.0579824447631836E-006
         711   9773731838972.4180        1.0594725608839561E-006
         712   9787478297267.8613        1.0609626770047287E-006
         713   9801224755499.2949        1.0624527931185623E-006
         714   9814971213794.7402        1.0639429092393349E-006
         715   9828717672090.1836        1.0654330253601074E-006
         716   9842464130385.6289        1.0669231414808800E-006
         717   9856210588681.0742        1.0684132576016525E-006
         718   9869957046912.5059        1.0699033737154862E-006
         719   9883703505207.9512        1.0713934898362587E-006
         720   9897449963503.3945        1.0728836059570312E-006
         721   9911196421798.8398        1.0743737220778038E-006
         722   9924942880094.2852        1.0758638381985763E-006
         723   9938689338325.7168        1.0773539543124100E-006
         724   9952435796621.1621        1.0788440704331825E-006
         725   9966182254916.6055        1.0803341865539551E-006
         726   9979928713212.0508        1.0818243026747276E-006
         727   9993675171507.4961        1.0833144187955002E-006
         728   10007421629738.928        1.0848045349093338E-006
         729   10021168088034.373        1.0862946510301064E-006
         730   10034914546329.816        1.0877847671508789E-006
         731   10048661004625.262        1.0892748832716515E-006
         732   10062407462920.707        1.0907649993924240E-006
         733   10076153921152.139        1.0922551155062576E-006
         734   10089900379447.584        1.0937452316270302E-006
         735   10103646837743.029        1.0952353477478027E-006
         736   10117393296038.473        1.0967254638685753E-006
         737   10131139754333.918        1.0982155799893478E-006
         738   10144886212565.350        1.0997056961031815E-006
         739   10158632670860.795        1.1011958122239540E-006
         740   10172379129156.240        1.1026859283447266E-006
         741   10186125587451.684        1.1041760444654991E-006
         742   10199872045747.129        1.1056661605862717E-006
         743   10213618503978.561        1.1071562767001053E-006
         744   10227364962274.006        1.1086463928208778E-006
         745   10241111420569.451        1.1101365089416504E-006
         746   10254857878864.895        1.1116266250624229E-006
         747   10268604337160.340        1.1131167411831955E-006
         748   10282350795391.771        1.1146068572970291E-006
         749   10296097253687.217        1.1160969734178017E-006
         750   10309843711982.662        1.1175870895385742E-006
         751   10323590170278.105        1.1190772056593468E-006
         752   10337336628573.551        1.1205673217801193E-006
         753   10351083086804.984        1.1220574378939530E-006
         754   10364829545100.428        1.1235475540147255E-006
         755   10378576003395.873        1.1250376701354980E-006
         756   10392322461691.316        1.1265277862562706E-006
         757   10406068919986.762        1.1280179023770431E-006
         758   10419815378218.195        1.1295080184908768E-006
         759   10433561836513.639        1.1309981346116493E-006
         760   10447308294809.084        1.1324882507324219E-006
         761   10461054753104.529        1.1339783668531944E-006
         762   10474801211399.973        1.1354684829739670E-006
         763   10488547669631.406        1.1369585990878006E-006
         764   10502294127926.850        1.1384487152085732E-006
         765   10516040586222.295        1.1399388313293457E-006
         766   10529787044517.740        1.1414289474501182E-006
         767   10543533502813.184        1.1429190635708908E-006
         768   10557279961044.617        1.1444091796847244E-006
         769   10571026419340.061        1.1458992958054970E-006
         770   10584772877635.506        1.1473894119262695E-006
         771   10598519335930.951        1.1488795280470421E-006
         772   10612265794226.395        1.1503696441678146E-006
         773   10626012252457.828        1.1518597602816483E-006
         774   10639758710753.271        1.1533498764024208E-006
         775   10653505169048.717        1.1548399925231934E-006
         776   10667251627344.162        1.1563301086439659E-006
         777   10680998085639.605        1.1578202247647384E-006
         778   10694744543871.039        1.1593103408785721E-006
         779   10708491002166.484        1.1608004569993446E-006
         780   10722237460461.928        1.1622905731201172E-006
         781   10735983918757.373        1.1637806892408897E-006
         782   10749730377052.816        1.1652708053616623E-006
         783   10763476835284.250        1.1667609214754959E-006
         784   10777223293579.695        1.1682510375962685E-006
         785   10790969751875.139        1.1697411537170410E-006
         786   10804716210170.584        1.1712312698378136E-006
         787   10818462668466.029        1.1727213859585861E-006
         788   10832209126697.461        1.1742115020724198E-006
         789   10845955584992.906        1.1757016181931923E-006
         790   10859702043288.350        1.1771917343139648E-006
         791   10873448501583.795        1.1786818504347374E-006
         792   10887194959879.240        1.1801719665555099E-006
         793   10900941418110.672        1.1816620826693436E-006
         794   10914687876406.117        1.1831521987901161E-006
         795   10928434334701.561        1.1846423149108887E-006
         796   10942180792997.006        1.1861324310316612E-006
         797   10955927251292.451        1.1876225471524338E-006
         798   10969673709523.883        1.1891126632662674E-006
         799   10983420167819.328        1.1906027793870400E-006
         800   10997166626114.771        1.1920928955078125E-006
         801   11010913084410.217        1.1935830116285850E-006
         802   11024659542705.662        1.1950731277493576E-006
         803   11038406000937.094        1.1965632438631912E-006
         804   11052152459232.539        1.1980533599839638E-006
         805   11065898917527.984        1.1995434761047363E-006
         806   11079645375823.428        1.2010335922255089E-006
         807   11093391834118.873        1.2025237083462814E-006
         808   11107138292350.305        1.2040138244601151E-006
         809   11120884750645.750        1.2055039405808876E-006
         810   11134631208941.195        1.2069940567016602E-006
         811   11148377667236.639        1.2084841728224327E-006
         812   11162124125532.084        1.2099742889432052E-006
         813   11175870583763.516        1.2114644050570389E-006
         814   11189617042058.961        1.2129545211778114E-006
         815   11203363500354.406        1.2144446372985840E-006
         816   11217109958649.850        1.2159347534193565E-006
         817   11230856416945.295        1.2174248695401291E-006
         818   11244602875176.727        1.2189149856539627E-006
         819   11258349333472.172        1.2204051017747353E-006
         820   11272095791767.617        1.2218952178955078E-006
         821   11285842250063.061        1.2233853340162804E-006
         822   11299588708358.506        1.2248754501370529E-006
         823   11313335166589.939        1.2263655662508866E-006
         824   11327081624885.383        1.2278556823716591E-006
         825   11340828083180.828        1.2293457984924316E-006
         826   11354574541476.271        1.2308359146132042E-006
         827   11368320999771.717        1.2323260307339767E-006
         828   11382067458003.150        1.2338161468478104E-006
         829   11395813916298.594        1.2353062629685829E-006
         830   11409560374594.039        1.2367963790893555E-006
         831   11423306832889.484        1.2382864952101280E-006
         832   11437053291184.928        1.2397766113309006E-006
         833   11450799749416.361        1.2412667274447342E-006
         834   11464546207711.805        1.2427568435655068E-006
         835   11478292666007.250        1.2442469596862793E-006
         836   11492039124302.695        1.2457370758070518E-006
         837   11505785582598.139        1.2472271919278244E-006
         838   11519532040829.572        1.2487173080416580E-006
         839   11533278499125.016        1.2502074241624306E-006
         840   11547024957420.461        1.2516975402832031E-006
         841   11560771415715.906        1.2531876564039757E-006
         842   11574517874011.350        1.2546777725247482E-006
         843   11588264332242.783        1.2561678886385819E-006
         844   11602010790538.227        1.2576580047593544E-006
         845   11615757248833.672        1.2591481208801270E-006
         846   11629503707129.117        1.2606382370008995E-006
         847   11643250165424.561        1.2621283531216720E-006
         848   11656996623655.994        1.2636184692355057E-006
         849   11670743081951.439        1.2651085853562782E-006
         850   11684489540246.883        1.2665987014770508E-006
         851   11698235998542.328        1.2680888175978233E-006
         852   11711982456837.771        1.2695789337185959E-006
         853   11725728915069.205        1.2710690498324295E-006
         854   11739475373364.650        1.2725591659532021E-006
         855   11753221831660.094        1.2740492820739746E-006
         856   11766968289955.539        1.2755393981947472E-006
         857   11780714748250.984        1.2770295143155197E-006
         858   11794461206482.416        1.2785196304293533E-006
         859   11808207664777.861        1.2800097465501259E-006
         860   11821954123073.305        1.2814998626708984E-006
         861   11835700581368.750        1.2829899787916710E-006
         862   11849447039664.195        1.2844800949124435E-006
         863   11863193497895.627        1.2859702110262772E-006
         864   11876939956191.072        1.2874603271470497E-006
         865   11890686414486.516        1.2889504432678223E-006
         866   11904432872781.961        1.2904405593885948E-006
         867   11918179331077.406        1.2919306755093674E-006
         868   11931925789308.838        1.2934207916232010E-006
         869   11945672247604.283        1.2949109077439735E-006
         870   11959418705899.727        1.2964010238647461E-006
         871   11973165164195.172        1.2978911399855186E-006
         872   11986911622490.617        1.2993812561062912E-006
         873   12000658080722.049        1.3008713722201248E-006
         874   12014404539017.494        1.3023614883408974E-006
         875   12028150997312.939        1.3038516044616699E-006
         876   12041897455608.383        1.3053417205824425E-006
         877   12055643913903.828        1.3068318367032150E-006
         878   12069390372135.260        1.3083219528170487E-006
         879   12083136830430.705        1.3098120689378212E-006
         880   12096883288726.150        1.3113021850585938E-006
         881   12110629747021.594        1.3127923011793663E-006
         882   12124376205317.039        1.3142824173001388E-006
         883   12138122663548.471        1.3157725334139725E-006
         884   12151869121843.916        1.3172626495347450E-006
         885   12165615580139.361        1.3187527656555176E-006
         886   12179362038434.805        1.3202428817762901E-006
         887   12193108496730.250        1.3217329978970627E-006
         888   12206854954961.682        1.3232231140108963E-006
         889   12220601413257.127        1.3247132301316689E-006
         890   12234347871552.572        1.3262033462524414E-006
         891   12248094329848.016        1.3276934623732140E-006
         892   12261840788143.461        1.3291835784939865E-006
         893   12275587246374.895        1.3306736946078201E-006
         894   12289333704670.338        1.3321638107285927E-006
         895   12303080162965.783        1.3336539268493652E-006
         896   12316826621261.227        1.3351440429701378E-006
         897   12330573079556.672        1.3366341590909103E-006
         898   12344319537788.105        1.3381242752047440E-006
         899   12358065996083.549        1.3396143913255165E-006
         900   12371812454378.994        1.3411045074462891E-006
         901   12385558912674.439        1.3425946235670616E-006
         902   12399305370969.883        1.3440847396878342E-006
         903   12413051829201.316        1.3455748558016678E-006
         904   12426798287496.760        1.3470649719224403E-006
         905   12440544745792.205        1.3485550880432129E-006
         906   12454291204087.650        1.3500452041639854E-006
         907   12468037662383.094        1.3515353202847580E-006
         908   12481784120614.527        1.3530254363985916E-006
         909   12495530578909.971        1.3545155525193642E-006
         910   12509277037205.416        1.3560056686401367E-006
         911   12523023495500.861        1.3574957847609093E-006
         912   12536769953796.305        1.3589859008816818E-006
         913   12550516412027.738        1.3604760169955155E-006
         914   12564262870323.182        1.3619661331162880E-006
         915   12578009328618.627        1.3634562492370605E-006
         916   12591755786914.072        1.3649463653578331E-006
         917   12605502245209.516        1.3664364814786056E-006
         918   12619248703440.949        1.3679265975924393E-006
         919   12632995161736.395        1.3694167137132118E-006
         920   12646741620031.838        1.3709068298339844E-006
         921   12660488078327.283        1.3723969459547569E-006
         922   12674234536622.727        1.3738870620755295E-006
         923   12687980994854.160        1.3753771781893631E-006
         924   12701727453149.605        1.3768672943101357E-006
         925   12715473911445.049        1.3783574104309082E-006
         926   12729220369740.494        1.3798475265516807E-006
         927   12742966828035.939        1.3813376426724533E-006
         928   12756713286267.371        1.3828277587862869E-006
         929   12770459744562.816        1.3843178749070595E-006
         930   12784206202858.260        1.3858079910278320E-006
         931   12797952661153.705        1.3872981071486046E-006
         932   12811699119449.150        1.3887882232693771E-006
         933   12825445577680.582        1.3902783393832108E-006
         934   12839192035976.027        1.3917684555039833E-006
         935   12852938494271.471        1.3932585716247559E-006
         936   12866684952566.916        1.3947486877455284E-006
         937   12880431410862.361        1.3962388038663009E-006
         938   12894177869093.793        1.3977289199801346E-006
         939   12907924327389.238        1.3992190361009071E-006
         940   12921670785684.682        1.4007091522216797E-006
         941   12935417243980.127        1.4021992683424522E-006
         942   12949163702275.572        1.4036893844632248E-006
         943   12962910160507.004        1.4051795005770584E-006
         944   12976656618802.449        1.4066696166978310E-006
         945   12990403077097.895        1.4081597328186035E-006
         946   13004149535393.338        1.4096498489393761E-006
         947   13017895993688.783        1.4111399650601486E-006
         948   13031642451920.215        1.4126300811739823E-006
         949   13045388910215.660        1.4141201972947548E-006
         950   13059135368511.105        1.4156103134155273E-006
         951   13072881826806.549        1.4171004295362999E-006
         952   13086628285101.994        1.4185905456570724E-006
         953   13100374743333.426        1.4200806617709061E-006
         954   13114121201628.871        1.4215707778916786E-006
         955   13127867659924.316        1.4230608940124512E-006
         956   13141614118219.760        1.4245510101332237E-006
         957   13155360576515.205        1.4260411262539963E-006
         958   13169107034746.637        1.4275312423678299E-006
         959   13182853493042.082        1.4290213584886025E-006
         960   13196599951337.527        1.4305114746093750E-006
         961   13210346409632.971        1.4320015907301475E-006
         962   13224092867928.416        1.4334917068509201E-006
         963   13237839326159.850        1.4349818229647537E-006
         964   13251585784455.293        1.4364719390855263E-006
         965   13265332242750.738        1.4379620552062988E-006
         966   13279078701046.182        1.4394521713270714E-006
         967   13292825159341.627        1.4409422874478439E-006
         968   13306571617573.061        1.4424324035616776E-006
         969   13320318075868.504        1.4439225196824501E-006
         970   13334064534163.949        1.4454126358032227E-006
         971   13347810992459.395        1.4469027519239952E-006
         972   13361557450754.838        1.4483928680447677E-006
         973   13375303908986.271        1.4498829841586014E-006
         974   13389050367281.715        1.4513731002793739E-006
         975   13402796825577.160        1.4528632164001465E-006
         976   13416543283872.605        1.4543533325209190E-006
         977   13430289742168.049        1.4558434486416916E-006
         978   13444036200399.482        1.4573335647555252E-006
         979   13457782658694.926        1.4588236808762978E-006
         980   13471529116990.371        1.4603137969970703E-006
         981   13485275575285.816        1.4618039131178429E-006
         982   13499022033581.260        1.4632940292386154E-006
         983   13512768491812.693        1.4647841453524491E-006
         984   13526514950108.137        1.4662742614732216E-006
         985   13540261408403.582        1.4677643775939941E-006
         986   13554007866699.027        1.4692544937147667E-006
         987   13567754324994.471        1.4707446098355392E-006
         988   13581500783225.904        1.4722347259493729E-006
         989   13595247241521.350        1.4737248420701454E-006
         990   13608993699816.793        1.4752149581909180E-006
         991   13622740158112.238        1.4767050743116905E-006
         992   13636486616407.682        1.4781951904324631E-006
         993   13650233074639.115        1.4796853065462967E-006
         994   13663979532934.561        1.4811754226670693E-006
         995   13677725991230.004        1.4826655387878418E-006
         996   13691472449525.449        1.4841556549086143E-006
         997   13705218907820.895        1.4856457710293869E-006
         998   13718965366052.326        1.4871358871432205E-006
         999   13732711824347.771        1.4886260032639931E-006
        1000   13746458282643.215        1.4901161193847656E-006
